genes	u	cv2	residualcv2	fitratio	pval	fdr
LCE1F	0.116223940493829	257.151565623047	3.19518018663361	24.4145724756077	0	0
KCNMA1	2.71060701468139	11.7602191147474	2.4327208579096	11.3898300675989	0	0
PI16	1.33266481601885	14.2376924758084	2.26888294351432	9.66859441341968	0	0
ACAN	0.145091484800068	74.8589142066728	2.1687544598567	8.74738203723262	0	0
IGFBP5	0.169774619164241	58.3878705129771	2.06537189263068	7.888230927186	0	0
COMP	1.33346464358872	10.9855533118698	2.00992382887654	7.46274887970279	0	0
KRTAP2-3	2.08928228482369	7.48800879625879	1.86567222752594	6.46027720281235	0	0
SFRP2	1.4439874891506	8.64243409979847	1.81605271380186	6.14754437707936	0	0
LCE3D	0.028694704802464	240.286048665585	1.77290457234729	5.8879304685517	0	0
KRT19	0.766784530632769	12.2175591835078	1.75551877478638	5.78644882720002	0	0
KRT81	0.171641984675964	40.5667255296048	1.71124944250323	5.53587391453984	0	0
FLG	0.0206674599562805	283.637885524554	1.61478982030107	5.02683127454571	0	0
KRT14	0.0621399065680732	94.9320354980923	1.59972587434146	4.9516748572005	0	0
G0S2	0.0864480700999095	67.1260794316179	1.57098493165035	4.81138474592048	0	0
CXCL1	0.149379153604633	37.5374384698298	1.50551770237496	4.50648604501629	0	0
CPB1	0.0184320754406212	272.269560687769	1.4605800352329	4.30845786107354	0	0
MMP3	2.00597545153324	4.9843389949259	1.43907976584494	4.21681357510738	0	0
RGCC	0.308576538368536	17.4086004808233	1.38784033209435	4.00618866641458	0	0
CLU	1.38536401912023	5.4944121627603	1.33933713176409	3.81651282158266	2.47032822920623e-323	1.03062093722484e-320
KRT17	0.0283998785933908	154.771758909042	1.32285107973321	3.75410939904363	2.12891231312412e-313	8.43581504075443e-311
STMN2	0.183005172312358	25.7489668629631	1.3153312155024	3.72598488485216	6.34422461611071e-309	2.39418952774654e-306
PTX3	0.659102206449702	8.60394980458967	1.29474394165806	3.65006122584588	6.58805819441327e-297	2.37319823594205e-294
MGP	0.0530602818290686	75.2141618489186	1.21358083499136	3.36551445324728	9.72869732661683e-253	3.35217070927993e-250
TFPI2	0.476864435876097	10.1519236984637	1.2103914435638	3.35479760949008	4.19715081306378e-251	1.38593417473044e-248
MMP1	0.622843624110062	8.23941643404024	1.20913457824137	3.35058372940554	1.84160593393326e-250	5.83789081056844e-248
CTSC	0.62249750573379	8.19315101005833	1.20308492202183	3.33037503915585	2.1900865037098e-247	6.67555213150006e-245
PCP4	0.025014178919832	152.204601324911	1.18093976700449	3.25743399390595	2.36269027395857e-236	6.93493348930431e-234
MT1X	0.731227567171679	7.01536791228325	1.16668580757741	3.21133201038465	1.95500381417406e-229	5.5333590097605e-227
ACTC1	2.79882396512204	3.21409671819863	1.14862165624689	3.1538428328609	7.16212946573184e-221	1.95723710399741e-218
GAL	0.410660846896954	10.4196217708012	1.11519401587826	3.05015990123117	1.30892788225514e-205	3.457751155624e-203
ACTA2	0.764502926329388	6.43485479162155	1.11224956285152	3.04119205785384	2.6636094854154e-204	6.80938876513453e-202
HIST1H4C	0.717467950588538	6.26160651240483	1.03926457596193	2.82713710505168	1.19070221561896e-173	2.94884845586884e-171
LUM	1.046949604658	4.77376219191895	1.02733892850552	2.79362190705676	5.85124157157288e-169	1.40518452893076e-166
PPP1R14A	0.238261486002766	14.6625943768768	0.989918470140218	2.69101506532433	8.58335232149886e-155	2.00067844552584e-152
RARRES2	0.277495764539065	12.381085082534	0.955049548850257	2.59879934724914	2.5014464641955e-142	5.66398949392838e-140
PENK	0.161902316394604	19.1091339524983	0.90476087651304	2.47134089674346	1.49489745417054e-125	3.29085064563931e-123
DCN	8.53613713343036	1.80896806578691	0.891066000027242	2.43772688364342	3.20387801298259e-121	6.86236033861812e-119
DKK1	6.57519212121205	1.90111974323445	0.8878623889885	2.42992985088813	3.19507614797307e-120	6.6634153875491e-118
SERPINE2	10.7064656358422	1.68135076152493	0.855523153073997	2.35260483113915	1.93781081587418e-110	3.93773095276997e-108
SCG5	0.405919233964041	8.07529937580194	0.850753251251976	2.3414098577562	4.83836913356044e-109	9.58601884586663e-107
CEMIP	1.32279210458131	3.44706732237037	0.846136103395348	2.33062414103526	1.06252787678769e-107	2.05378863988839e-105
OLFM2	0.47244898108136	7.09260103215524	0.844336702298405	2.32643418423629	3.5179396197906e-107	6.63801702067631e-105
GRB14	0.0162331127972603	161.89959433689	0.814871002435655	2.25888426298649	6.76882598703953e-99	1.24751037086717e-96
SFRP4	0.0273087797716919	95.7114981783869	0.803627140989113	2.23362793671049	7.56839618841846e-96	1.36317135893673e-93
KRTAP1-5	0.417855245643897	7.47179409640936	0.796898078674859	2.21864817154807	4.72185808126792e-94	8.31571673201073e-92
IGFBP7	4.47002661529871	1.91063694821401	0.792457202563224	2.20881727493645	7.02866892278334e-93	1.21091741767517e-90
IL1RL1	0.120287755353994	22.4907142359706	0.790972245536863	2.20553971032766	1.72551056489336e-92	2.90950451633615e-90
PTTG1	0.65836046864669	5.19980915324662	0.790308278765431	2.2040757912975	2.57618313591408e-92	4.25338569835815e-90
NMB	0.469429268660241	6.72360909265674	0.785770753502153	2.19409739743996	3.93425982916252e-91	6.36306309104346e-89
KRT34	0.162173512616207	16.8895997718943	0.782834661128666	2.18766477281581	2.26830551196977e-90	3.59526423647209e-88
TNFRSF11B	0.825218270826491	4.26441131492505	0.754721723949873	2.12701954239526	2.72641070563985e-83	4.23662840043055e-81
POSTN	0.482966559170834	6.36786491350162	0.754144423124049	2.12579196663123	3.77682167491887e-83	5.75602149494847e-81
PGF	0.727553142934091	4.61386680528273	0.744008312967328	2.10435353976499	1.08955161818725e-80	1.62918803285546e-78
KRT16	0.0129942656290984	185.926026559498	0.732389521877474	2.08004498706813	6.30457487265275e-78	9.25254738255056e-76
AKR1C1	0.552787793965966	5.54883156749424	0.722624148924345	2.05983142911058	1.18670616631263e-75	1.70993570327775e-73
STC1	0.0636956794428895	37.83992290844	0.703865413529481	2.02155175799793	2.11304900009125e-71	2.99034166530771e-69
PSG5	2.23811162943315	2.23204383951217	0.687477379190076	1.98869248323882	8.16832894815579e-68	1.13568433182692e-65
MT1E	1.58487076620941	2.6100271870041	0.670565572327872	1.95534289579848	3.11022760822425e-64	4.24975065434089e-62
ATF5	0.533666087427623	5.37423042991668	0.663272375766662	1.94113407256662	9.98770093465495e-63	1.34156830351086e-60
LHX9	0.0111484437521739	201.653826111521	0.661349864922553	1.9374058062268	2.47115965415024e-62	3.26399004319011e-60
ANKRD1	0.0389216678555145	58.5629791512686	0.660729251251338	1.93620379872648	3.3080814726023e-62	4.29779437219233e-60
SMYD3	0.480627874119504	5.82184695819114	0.660625243343544	1.93600242869253	3.47367977570403e-62	4.44014713265394e-60
KRT7	2.34503543848034	2.12182576539401	0.657998568705839	1.93092385301745	1.18857908308374e-61	1.49515702118074e-59
CRIP1	1.56054025472776	2.59709840743054	0.657133707544659	1.92925459391451	1.77951009772465e-61	2.2035339881981e-59
ADH1B	0.0132156270074563	168.280306882545	0.649447892311201	1.91448353609062	6.2260787016081e-60	7.59102672465295e-58
ADIRF	7.2620580664729	1.46176277259517	0.646500972308645	1.90885001111422	2.39709519717428e-59	2.87833021781912e-57
FST	0.635122365565032	4.59495802048519	0.639833088036169	1.89616436037315	4.91113367730314e-58	5.80906483472051e-56
CDKN3	0.40193448596176	6.58871728903916	0.639165877008517	1.89489964056609	6.6283949599462e-58	7.72500442023142e-56
STMN1	1.01916510192573	3.28163116696371	0.635118334261583	1.88724545404294	4.05043660007122e-57	4.65213189211078e-55
HSPB7	2.07351512786204	2.16961680732179	0.623304042875941	1.8650801776634	7.30884293143537e-55	8.27465431880362e-53
SPON2	0.375154584020885	6.79054975309594	0.612086199551259	1.84427491371548	8.99787911895497e-53	1.00434073264392e-50
NEFM	0.0440949292934986	49.3604749070862	0.61190665657077	1.84394381682458	9.70925205225956e-53	1.06869197936329e-50
DPP4	0.0858796011819167	25.7005204143854	0.604612087642399	1.830541981286	2.08416701472025e-51	2.26260597146e-49
UCHL1	0.923323911895069	3.39768582382157	0.604487460279302	1.83031385988121	2.19534021840294e-51	2.35109070687072e-49
IGF1	0.0572111024742258	38.0002251582952	0.604030475937634	1.82947762619431	2.65586820637463e-51	2.80636740473586e-49
CRLF1	0.494860837993012	5.36006328357403	0.601207734829154	1.82432076615632	8.57499093369875e-51	8.94168462494245e-49
S100A2	0.307324139577682	7.87565240544897	0.591152133800172	1.80606804920451	5.26112595572267e-49	5.41486015572755e-47
SERPINB2	0.111187578015421	19.678768996598	0.583254798703168	1.79186109698123	1.25164455043251e-47	1.27170295668944e-45
BAMBI	0.183084981663441	12.310893829596	0.577818967811345	1.78214726836013	1.0735463389473e-46	1.07694363748827e-44
CYP1B1	0.74838479744112	3.82002323537438	0.575534096642608	1.77807993987851	2.62865465514822e-46	2.6040110177562e-44
ADAMTS1	1.10262529030372	2.91559315778242	0.567378950835776	1.76363840516103	6.18732364121124e-45	6.05364689587643e-43
IGFBP2	0.240869618905408	9.48502223821464	0.564001225890245	1.7576913691052	2.25023325400704e-44	2.17476811439095e-42
TGM2	0.205168072179983	10.8685274449509	0.556543124915103	1.74463109236053	3.75826503791009e-43	3.58846390667921e-41
NQO1	2.97591689829949	1.71158214119649	0.542856189596622	1.72091510923773	5.81443177433918e-41	5.48563950138548e-39
HIST1H1C	0.440066763709624	5.54901340907857	0.541640347353313	1.71882401942604	9.02866360552059e-41	8.41790106750008e-39
TNNT1	0.100777739898616	20.694058886868	0.540447419909655	1.71677480960478	1.38868583021393e-40	1.27969014005179e-38
LSP1	0.0986525239063899	21.0700354662564	0.538201365642245	1.71292316733548	3.11329425490418e-40	2.83596057127766e-38
TUBA1B	10.1394434927496	1.22979774209922	0.53437949498435	1.70638909069434	1.21768835266659e-39	1.09661138578213e-37
CYTL1	0.0335902657493567	59.4887851871941	0.531851927532952	1.70208152329613	2.980574457507e-39	2.65405085120708e-37
PRR15	0.0294539709007498	67.032116033245	0.52196903087603	1.68534287689672	9.37311668942222e-38	8.25354997374124e-36
CSRP2	0.361682617507533	6.39684206837601	0.52172464520785	1.68493105357554	1.01968125508136e-37	8.88019115002174e-36
HOXA4	0.0398490706908669	49.536137312084	0.51639892367309	1.67598143272657	6.31313584179377e-37	5.43821755937126e-35
OSR2	0.363403732844915	6.32938584845564	0.51511031126011	1.6738231331529	9.77866284588039e-37	8.33289280146259e-35
CCL26	0.367662419206779	6.22865030589169	0.508838362274883	1.6633578530094	8.06600529467308e-36	6.80032893194513e-34
WNT2	0.10454715465095	19.19885613639	0.500290683054309	1.64920059569725	1.35769360481838e-34	1.13260229665112e-32
PSG4	0.618811679247931	4.0704413247266	0.499060975689444	1.64717380801186	2.02793430273456e-34	1.67410201553869e-32
MT2A	16.6155975373205	1.10848645837107	0.49403042969497	1.63890843151863	1.03347315744655e-33	8.44358223996281e-32
CFD	0.258608607802681	8.30013218688359	0.493369801568557	1.63782608006743	1.27794099718006e-33	1.03343697986245e-31
AJAP1	0.014125224874984	133.753507392237	0.485902491640501	1.62564147484954	1.37437109843473e-32	1.10019100556518e-30
CLIC3	1.34927439067539	2.36303721043795	0.480200530031722	1.61639850613923	8.17775495453341e-32	6.48087080146772e-30
COL15A1	0.0789808812976446	24.4283817138844	0.47358460005363	1.60573982423049	6.26760829133401e-31	4.9179005652299e-29
MFGE8	3.49287696366805	1.50042532141718	0.470603990737857	1.60096086679224	1.55099415853282e-30	1.20506163787966e-28
NDUFA4L2	0.112924346771502	17.1950057804399	0.462970008134492	1.58878569105474	1.52930795094447e-29	1.17667626322669e-27
UBE2C	0.18769898403283	10.6954874930346	0.459833702514259	1.583810579376	3.86384079720073e-29	2.94432099209767e-27
JAG1	0.0335977679164528	55.3093490556627	0.459225512051733	1.58284761375012	4.62048001797443e-29	3.4873622992807e-27
DPT	0.824578047081194	3.14173739317421	0.448652300781566	1.56619999600128	9.88109453623884e-28	7.38751643393329e-26
LY6K	0.198159568067619	10.0579201597637	0.447608962707061	1.56456677206368	1.33046747718674e-27	9.85416332402332e-26
CSTA	0.0487131363823859	37.9639478419531	0.4466257846752	1.56302928032191	1.75961469392781e-27	1.29119874531277e-25
TAGLN	12.4004919831351	1.09310098795067	0.445755467837989	1.56166954140985	2.25227662808065e-27	1.63754975023295e-25
ARRDC2	0.0548899585219494	33.7291751002045	0.444570228662452	1.55981968596726	3.14925126081256e-27	2.25741063233883e-25
APOE	0.0204570485703408	88.9067589912311	0.44455614601065	1.55979771972441	3.16179911911179e-27	2.25741063233883e-25
HAPLN1	0.054832557463973	33.6275876415753	0.440536883695071	1.55354106551958	9.77453095787019e-27	6.91635337867154e-25
PTGDS	0.119044859689607	15.9924914981721	0.440217783260433	1.55304540897666	1.06851123135021e-26	7.49376239685879e-25
MEST	0.0322711595843766	56.4325715745936	0.439730418634701	1.5522886939952	1.22403658831384e-26	8.50920172139224e-25
IFI27	0.153254137112924	12.6264448697283	0.439693825929774	1.55223189259232	1.23658002285639e-26	8.52164928794516e-25
SULF1	1.85404793845756	1.90416951673001	0.437730929416373	1.54918801041255	2.13344910331614e-26	1.45755035722245e-24
THBD	0.144316324654493	13.298034500685	0.435787588691356	1.54618033367811	3.65018580534447e-26	2.47245491515854e-24
FBXO32	0.182174872073926	10.6788255018849	0.43105075549477	1.53887365426845	1.33519380827953e-25	8.9672973988265e-24
CDKN1A	2.48617916397867	1.63509930410392	0.423169040258265	1.52679236352939	1.11234135730082e-24	7.40781954336891e-23
EFEMP1	0.355979471170657	5.83703350056454	0.416772883929629	1.51705792557132	6.00300800225654e-24	3.96448653482359e-22
ADGRG1	0.0187163813439265	94.3888820502947	0.416369361210841	1.51644588172774	6.66973474866429e-24	4.3684006515012e-22
IL12A	0.0259748039542725	68.1657979823892	0.414842496802446	1.51413224124081	9.92427344898938e-24	6.44671041665908e-22
CRABP2	2.26530536754413	1.68907488994178	0.414268892469163	1.51326397746981	1.15170153050395e-23	7.42051595873478e-22
PSMC3IP	0.0745821065618822	24.2569093697671	0.411459647003086	1.50901881314829	2.37889259198921e-23	1.52038095092859e-21
CLDN11	0.616205536917906	3.72794647723363	0.407981568246518	1.50377944362267	5.79244020064495e-23	3.6724070872089e-21
ZNF124	0.0141650425009363	122.858335901541	0.403729976436471	1.49739955919848	1.69817418274028e-22	1.06809765065212e-20
ITPRIP	0.0734919610191109	24.4122173320983	0.403669304785793	1.49730871225145	1.72427276867984e-22	1.07597336155809e-20
CXCL3	0.0239140109778882	72.9691913219083	0.401344558781709	1.49383189273276	3.08683534048232e-22	1.91118516197831e-20
GLRX	1.77438861705435	1.87720430010773	0.400996810874009	1.49331250613064	3.36662839169734e-22	2.06825813986057e-20
CEBPD	0.45799162711997	4.66538292029105	0.400486193696965	1.4925501897568	3.82344506242693e-22	2.33083093228718e-20
SOCS2	0.617832703049326	3.68997757134376	0.39973527604836	1.49142982818016	4.60858918118633e-22	2.7880205542673e-20
BIRC5	0.303887753635321	6.54191056541663	0.395918245346937	1.48574784578635	1.18326714950524e-21	7.05067079686391e-20
NTF3	0.1051452453143	17.0784559976748	0.388664029060419	1.47500890794814	6.89501240233381e-21	4.07783382749966e-19
EDN1	0.0904183254200853	19.5725671612761	0.381448394697811	1.46440408924586	3.83132656412933e-20	2.24913059412777e-18
PRSS3	0.115032595080553	15.5367428907994	0.379009761801586	1.46083729607766	6.78198338388478e-20	3.95200134685933e-18
FGF7	3.6919622679493	1.34082320985522	0.377325152679395	1.45837842794	1.00366593031718e-19	5.80587773559393e-18
CDC20	0.140219369285172	12.8700969798678	0.37628378418031	1.45686050907902	1.27754424269435e-19	7.33662182851644e-18
FABP5	0.168516572471164	10.8505602107924	0.375650526338284	1.45593823278708	1.47887284235379e-19	8.43170307600993e-18
SOX4	0.405714736126023	5.02096843058407	0.375150880725542	1.45521096134076	1.6595393591517e-19	9.39417815805517e-18
RNLS	0.0349512145914078	48.8905534928693	0.374661892796877	1.45449955469581	1.85738066787436e-19	1.0439533186457e-17
PSG2	0.0202067704023998	83.490837099014	0.369525368093952	1.44704763666745	6.00061702598474e-19	3.34893591062881e-17
PTPRN2	0.0149978264948817	112.111055362644	0.368881327717038	1.4461159796067	6.94182605932901e-19	3.84713087553723e-17
CD9	0.129079518310949	13.7928875730107	0.368223890461909	1.44516556154083	8.05257610764002e-19	4.43171289257272e-17
F2R	0.185104182680785	9.79686839944761	0.359397077823019	1.43246548893551	5.73366610157402e-18	3.13374509344649e-16
QPRT	0.133140015884256	13.2454474378259	0.356698998227195	1.42860579225396	1.0332842302025e-17	5.60875172901016e-16
HSPB6	1.59570281803789	1.89840916122913	0.355929770361058	1.42750729142172	1.22105676508394e-17	6.58290807026545e-16
PARD3	0.109631032228865	15.8618686016522	0.354308252443612	1.42519443844444	1.73382111113032e-17	9.28414344980257e-16
RSPO3	0.0683296089046715	24.909504135748	0.353620453431623	1.42421452814708	2.0107072127442e-17	1.06945333295287e-15
HMOX1	0.483981838888169	4.25881986333199	0.353546416882309	1.42410908812119	2.04299089438432e-17	1.07938018919972e-15
SOD3	0.688933887999078	3.24000845735461	0.350778886017225	1.42017327102432	3.69529458792228e-17	1.93941785491948e-15
ELN	7.2276474419005	1.08849301711208	0.350664937570153	1.42001145370511	3.78613646587638e-17	1.97402180868884e-15
CXCL6	0.0655351436233148	25.8126399787069	0.348898866693243	1.41750582604112	5.51010641656037e-17	2.85409106870856e-15
OLFML2B	0.103849539368067	16.5784712072621	0.347197772551802	1.41509656495592	7.89279195025802e-17	4.06171274063603e-15
MELK	0.0696476726851428	24.2481618691582	0.34514878752292	1.41220002178009	1.21353577658519e-16	6.20469098673398e-15
SFRP1	0.073721145331087	22.8522691260107	0.34063356693015	1.40583800093307	3.09922503045063e-16	1.57444604912316e-14
DIO2	0.0207742909994054	78.7675489659691	0.338692676798735	1.40311207005259	4.61741498094521e-16	2.33076520534973e-14
CH25H	0.234587879060131	7.74812623874519	0.338250287966063	1.40249148622161	5.05481695766723e-16	2.53532233779995e-14
CLSPN	0.0298541389640233	55.0441147483712	0.338219587141994	1.40244842923818	5.08664040012861e-16	2.53532233779995e-14
THBS1	2.09402826613805	1.61996427268844	0.335853663064014	1.39913426480798	8.23425534145842e-16	4.07852959881613e-14
SCUBE3	0.0554526777979365	29.9349053462736	0.335144114975531	1.39814186388458	9.50680239819973e-16	4.67959062147409e-14
CXCL8	0.0242674920517929	67.1870836008325	0.333277780446579	1.39553489694056	1.38507192635775e-15	6.74869375103054e-14
ABCB9	0.0307207803929526	53.2509368712885	0.333267060758686	1.3955199373222	1.38805940872931e-15	6.74869375103054e-14
CENPF	0.165418715599552	10.546800826789	0.330200427086937	1.39124694409396	2.56262951451089e-15	1.23834383551822e-13
OXTR	0.42910010222245	4.58233543001358	0.329688757440124	1.39053526734867	2.83688120289285e-15	1.36256263835914e-13
SERPINE1	8.90927373587424	1.02211253394057	0.32783771813417	1.38796371267114	4.09192774042318e-15	1.9535257435454e-13
TSTD1	0.12148446474479	14.0131668058065	0.327174702318555	1.38704377577819	4.66296911189674e-15	2.21281618034621e-13
CDA	0.817749611086259	2.79841905163831	0.327124065986183	1.38697354274673	4.70966635463139e-15	2.22167296788415e-13
TINAGL1	0.0613014984993573	26.9083002876731	0.325842563871354	1.38519727160919	6.05702432073365e-15	2.84035016223752e-13
PTN	0.190018602629515	9.24567422607906	0.325339939630009	1.3845012128241	6.68318040574503e-15	3.11554145385467e-13
SLC35E3	0.0839114936144061	19.8522180969704	0.324224027251636	1.38295709249456	8.30939994060889e-15	3.8509938321243e-13
ITGA2	0.130915095164926	13.001507501861	0.322352591287802	1.38037139709156	1.1949986388413e-14	5.50602570512632e-13
FABP3	0.0327700701141081	49.414229117804	0.322005935001142	1.37989296559927	1.27786034206851e-14	5.85378220282829e-13
GADD45B	1.45151566551844	1.92604279654857	0.317787673534083	1.37408447575116	2.87036346834275e-14	1.29986459923522e-12
PRAC2	0.0141710074534595	112.439792207895	0.315533823586744	1.37099098297166	4.40122416143529e-14	1.98180122041902e-12
SNCG	0.16936711143699	10.1607654471108	0.314591161463251	1.36969921064844	5.25741979866089e-14	2.35395773471116e-12
IL32	0.0990130538233394	16.7494529397084	0.312182630604975	1.36640421747226	8.25726290574997e-14	3.67633755775666e-12
IGFBP3	28.5155826484683	0.883686252099642	0.311164692383598	1.36501401008611	9.98136161547646e-14	4.41912239120955e-12
PEG10	0.0414296456809367	38.7916948517934	0.309986117770314	1.36340618688296	1.24211331819774e-13	5.46874891484284e-12
AKAP12	0.293947550386825	6.16929656812448	0.308535734895746	1.36143015924315	1.62360055010138e-13	7.10885876218422e-12
TLCD2	0.0360298533570194	44.3953616794232	0.308050246375974	1.36076936094834	1.77532355023812e-13	7.73046106353687e-12
FOXL1	0.0351093803301771	45.5231535133091	0.307732173674384	1.36033660618885	1.88217247373013e-13	8.15093817175482e-12
UBE2S	0.479143241221099	4.09767922124702	0.306958359908527	1.35928436616819	2.16913256764809e-13	9.3425954340278e-12
HAPLN3	0.269736394071067	6.61639639253606	0.303638580206771	1.3547793235325	3.96917130237344e-13	1.70030716601673e-11
GLIPR1	1.48971748010214	1.8707877980839	0.303326565188481	1.3543566779764	4.19951259538065e-13	1.78930845797805e-11
ADRA2A	0.139272843053954	12.0141545625879	0.301153389721052	1.35141661905871	6.209439519358e-13	2.63154054496856e-11
COL8A1	1.04316430732911	2.31216955528284	0.300053380028367	1.34993086500064	7.5597564823968e-13	3.18675904909546e-11
H2AFZ	5.08078117339408	1.12572416670969	0.299970779638133	1.34981936478945	7.6720354795491e-13	3.21697783996966e-11
APOC1	0.0250718020883263	62.5681262709074	0.294241122468035	1.34210747692222	2.1098505121051e-12	8.80029753075416e-11
AP5B1	0.0859606843071917	18.8093398765667	0.293357284492518	1.34092179541924	2.46140685322404e-12	1.02129053988484e-10
FBN2	0.145242790737945	11.4564673551074	0.292671999503807	1.34000319662874	2.77284103185281e-12	1.144519019658e-10
CYP26B1	0.0317398581938994	49.4836189975747	0.291999804164889	1.33910275539593	3.11564248056242e-12	1.27935060406514e-10
MOK	0.13550208690733	12.169780415213	0.28842598900649	1.33432559110568	5.76131510708328e-12	2.35352691874407e-10
ANKRD50	0.0642876420097923	24.7151294280237	0.286865683044433	1.33224525833042	7.51517034511916e-12	3.05424230692663e-10
TM4SF1	0.0383827976080354	40.8232614804239	0.286214687631299	1.33137825501629	8.3924497117728e-12	3.39337571254079e-10
ACP5	0.0195650837674972	79.1636188414548	0.284368235311792	1.32892219674422	1.14613717633837e-11	4.61072950379777e-10
PCOLCE	1.65392342964835	1.72688117658265	0.28055228911811	1.32386076436448	2.16715278436327e-11	8.67408374549442e-10
FGD6	0.0113257483107578	135.559450430067	0.279893759858207	1.32298925030536	2.41666131881224e-11	9.62414118170201e-10
TSPAN13	0.203169473752529	8.31159056008434	0.279483357554162	1.32244640386914	2.58611661491548e-11	1.02474870866026e-09
SUGCT	0.223126027794282	7.63666309354308	0.279048649757945	1.32187165104112	2.77825236265522e-11	1.09540547134541e-09
F3	0.423599476578921	4.40084643787896	0.278738744629447	1.32146205970775	2.923662962963e-11	1.14703113769712e-09
SMC6	0.146483293337197	11.2068029499763	0.278537090699016	1.32119560855586	3.02224265706091e-11	1.17986566784275e-09
DKK2	0.072207688233973	21.8980643635712	0.278005062026427	1.32049288156204	3.2981588723028e-11	1.28127005210783e-09
MARCKSL1	0.403745772727303	4.57163610189298	0.277388351428278	1.31967877066841	3.64882685770013e-11	1.41058306572066e-09
DUSP2	0.0207554715670102	74.142339420514	0.277281814631293	1.31953818380811	3.7129831313392e-11	1.42841705416812e-09
LNPEP	0.0877836567776736	18.080441780506	0.273902669919653	1.31508679850576	6.42932023144399e-11	2.46146680358423e-09
HSPA5	1.48407603243511	1.81772474870961	0.272423711268217	1.31314327705591	8.15674527063416e-11	3.1077983783546e-09
HAS2	0.401293782029828	4.55197964785105	0.268052377281908	1.30741561709795	1.63462452338563e-10	6.19827719991919e-09
HES1	0.189347505163234	8.74655668923873	0.266627286473868	1.30555375809391	2.04497935055441e-10	7.71736254911605e-09
LMCD1	0.35636371101194	5.01783196152311	0.266456694221667	1.3053310597338	2.10036613597394e-10	7.88881593724811e-09
SPEN	0.13144539901808	12.2476135030954	0.266399959115679	1.30525700373858	2.11910820857199e-10	7.92166629855332e-09
TACSTD2	0.0259857334466835	58.6911910322034	0.265604213361697	1.30421876416215	2.39978069827332e-10	8.92876151822352e-09
DIRAS3	0.0522603819011254	29.5345344646002	0.26402093537261	1.30215545712523	3.06992700935982e-10	1.13687717519517e-08
NREP	1.64610748103535	1.69623068576526	0.260108143431352	1.29707034871964	5.60369597109024e-10	2.06554839864605e-08
PRSS23	4.53467547551406	1.11570063009267	0.258765682803288	1.29533025111225	6.87332781371236e-10	2.52181124646622e-08
CKB	0.497295991515639	3.79012107689143	0.258522743500396	1.29501560270581	7.13122727655279e-10	2.60437678187469e-08
DDX10	0.0819043940315955	19.0210435578216	0.25825607016057	1.29467030261312	7.42515694202051e-10	2.69928297089507e-08
MEDAG	0.158478357219545	10.2077191993675	0.258024887284391	1.29437103160336	7.6894742031008e-10	2.78260653240063e-08
ASH2L	0.0879082851084441	17.7534114923274	0.257005617503134	1.29305239046481	8.96803737241092e-10	3.23053164437984e-08
BMF	0.0284317457651323	53.2174936982242	0.256391682984992	1.29225878460448	9.83547883651847e-10	3.52697600811805e-08
CCL2	0.0665391938820324	23.1833027016907	0.256160990519219	1.29196070462277	1.01820688046414e-09	3.63481510255778e-08
BCL2L12	0.194782541798587	8.43437081405744	0.255985087350937	1.29173346462823	1.04542916420273e-09	3.71525835260386e-08
CXCL14	0.0303395323928619	49.5874281894645	0.249698657784825	1.28363854391781	2.64994410683099e-09	9.3753602886766e-08
ISG20	0.0416129232160136	36.2990465793571	0.247891126866246	1.28132042322995	3.44654651592569e-09	1.2139502728316e-07
CLEC2B	0.313376226724655	5.49359164859754	0.247722670260504	1.28110459451998	3.53164503781964e-09	1.23841977543012e-07
STC2	1.73187847594875	1.62970801192911	0.246999184332261	1.28017806857789	3.92088055174835e-09	1.36885367280201e-07
CD70	0.0270969856783887	55.2104026305718	0.245764183531896	1.27859802351787	4.68343702773387e-09	1.62790519494697e-07
CENPM	0.173555527294763	9.26451861806649	0.2446570226609	1.27718319318342	5.4878796714473e-09	1.89918979896157e-07
LYPD3	0.0120513059175538	122.735141572665	0.242227074325403	1.27408347161588	7.75045754996163e-09	2.67053809058461e-07
MLLT11	0.217742493189623	7.51144709446635	0.240630420754504	1.27205082483949	9.70439808234649e-09	3.3293227187271e-07
ZNF232	0.0315307376301722	47.3089656316994	0.240555784125658	1.27195588679717	9.80654614929793e-09	3.34986544108561e-07
APBB1IP	0.185495077127239	8.67003733599748	0.239129533040549	1.27014305141994	1.19708899541864e-08	4.07164390072649e-07
ID4	0.257786317435737	6.4463713722409	0.237811894615572	1.26847056423883	1.43765431347601e-08	4.86897881807582e-07
TRIB3	0.449487860750496	4.02421776468445	0.237516507275967	1.26809592942741	1.49767971793324e-08	5.05068585728551e-07
C11orf96	0.0758964007679768	20.0094670504911	0.235767170349045	1.26587954156096	1.90608847619495e-08	6.40074202281565e-07
PTGER1	0.0811326837044915	18.7380867477561	0.234190877224694	1.2638857161828	2.3648574758658e-08	7.88069671594789e-07
INHBA	0.497943370220639	3.69518039806203	0.234185179807472	1.26387851531907	2.36669503898498e-08	7.88069671594789e-07
FAM43A	0.148655669425144	10.5743533503442	0.23410840171906	1.26378148086778	2.3915929947907e-08	7.93028221075995e-07
TNNC1	0.0132078483384445	111.018904359946	0.232932600911375	1.26229639883326	2.80603599587209e-08	9.26576469470264e-07
PALM	0.126713098212718	12.2559789123347	0.232748048216478	1.26206346012649	2.87709086632347e-08	9.46097307701804e-07
RASSF2	0.0130677928762802	111.991699261137	0.231069457993935	1.25994674978376	3.60840871180666e-08	1.18167929921768e-06
S1PR3	0.0571546223556819	26.188963071672	0.230817592437611	1.25962945255448	3.73258490637152e-08	1.21642763235911e-06
NFATC2	0.0133473711724325	109.631527596619	0.230792428698883	1.25959775596685	3.74521567565454e-08	1.21642763235911e-06
TACC3	0.0538675677148041	27.734777264354	0.230615245227341	1.25937459583443	3.83532782308593e-08	1.24061114277372e-06
MFAP4	0.69131100412829	2.8639995951169	0.229949043365719	1.25853587754306	4.19325859889266e-08	1.3508770079766e-06
SERPINF1	0.315328771355408	5.35225302173236	0.226987880747594	1.25481466043253	6.21379231460236e-08	1.99369652199286e-06
FMN1	0.0746828429963403	20.1322356969779	0.22637921509114	1.25405113023439	6.73251148063016e-08	2.15141747919331e-06
TROAP	0.0892700042088734	16.9615926407804	0.226066420914522	1.25365893168558	7.01508805359355e-08	2.2327137680614e-06
TPX2	0.124926654072087	12.3287569961345	0.22535150605152	1.25276299258044	7.70454643775863e-08	2.44234122076949e-06
KLHL24	0.0721603055933627	20.7625808541397	0.224126785124053	1.25122964667833	9.04023456043612e-08	2.85433700762774e-06
MDFI	0.0173662353247511	83.7999488250582	0.223210786971616	1.25008404739722	1.01824139085465e-07	3.20220754862027e-06
CADM1	0.041970265505577	35.1025487318051	0.222740065856902	1.249495744915	1.0822253377761e-07	3.38997462524727e-06
CCDC152	0.0222944081310915	65.4076029170593	0.222658973186331	1.24939442407642	1.09363232722839e-07	3.41221897373424e-06
FOLR3	0.0710195513204628	21.0342297271357	0.221768990474518	1.24828297929544	1.2266848897022e-07	3.81234421603526e-06
DNAJC18	0.0932775101185719	16.1848957894374	0.221095053223561	1.247441998312	1.33767834311833e-07	4.14105502703624e-06
PRC1	0.097386429023785	15.5124030710033	0.219705847396223	1.24571024777615	1.59778646528547e-07	4.92702635696005e-06
SYNPO2	0.282964670984441	5.82925749160271	0.218778099518783	1.24455507867357	1.79791933557926e-07	5.52267857925026e-06
CCDC8	0.0795263161767579	18.7865771300508	0.217588292431546	1.24307517879277	2.09010306593481e-07	6.39539258592021e-06
IER3	0.656830484679481	2.93742754304844	0.217491970827092	1.24295544956344	2.1156593678431e-07	6.44869249621407e-06
C15orf48	0.0117067871724933	123.017554283295	0.215701297876948	1.24073171444704	2.6492611094567e-07	8.03333327553777e-06
NPHP4	0.0365570736321156	39.9053988594741	0.215681540800407	1.24070720145774	2.65581491254372e-07	8.03333327553777e-06
PHACTR3	0.172064958656999	9.05169442907933	0.213510420044457	1.23801639838679	3.47931173338744e-07	1.0484237827793e-05
HMGCS1	0.0639542703932002	23.0462077343069	0.211921881061306	1.23605132228939	4.23189836309294e-07	1.27037100482998e-05
NSG1	0.0117439673704888	122.153535547	0.211804455245664	1.23590618647621	4.2933419183408e-07	1.28395225293777e-05
BAALC	1.14954554496395	1.98941141527936	0.211315453715925	1.23530197420281	4.55854976329439e-07	1.35813935616948e-05
PLXNA2	0.079543079532828	18.6581666882774	0.210931905111982	1.23482826670589	4.77750064502193e-07	1.41804092179022e-05
SRGN	0.0563857161665013	26.0067759717715	0.210685041566773	1.23452347024536	4.92372596092011e-07	1.45598985971238e-05
CARD9	0.0788164038822944	18.8154228217852	0.210514271485479	1.23431266857181	5.02738197140776e-07	1.48111532057273e-05
DDIT4	0.552915277106918	3.31482754770905	0.207621006521984	1.23074663619969	7.13651780255932e-07	2.09470013278824e-05
ACKR4	0.0305819229596182	47.1400929358531	0.206917196403124	1.22988072901625	7.76548407230661e-07	2.2709026300011e-05
PAPPA	0.447888788524772	3.91246972996538	0.206471513280495	1.22933271406206	8.19088789043096e-07	2.38649950484064e-05
GTSE1	0.0463610886285075	31.3150342937908	0.205806135131225	1.22851501500565	8.86779260700019e-07	2.57425847657423e-05
CHRNE	0.0251117751861403	57.1750619236199	0.205675280972565	1.22835426922431	9.00707623097867e-07	2.60514887337613e-05
KRT8	0.012969202653464	110.002508218283	0.205626263410669	1.22829405976856	9.05978908910734e-07	2.61086649204275e-05
CHN1	0.291270692154302	5.6060297727376	0.204865813226753	1.2273603583866	9.91641061035479e-07	2.84737514808195e-05
VTA1	0.133812302791798	11.3223253455514	0.204527843810063	1.2269456182109	1.03215412193411e-06	2.95300412141799e-05
TMEM233	0.0219691954869638	65.1571211081414	0.204296574431021	1.22666189606905	1.06078512010091e-06	3.02400074705025e-05
PDE1A	0.0456561767343663	31.7102862053798	0.20338943834778	1.22554965135611	1.18060303442469e-06	3.35350503505939e-05
TUBB4B	1.05421662791738	2.08304194867265	0.202488385825661	1.2244458641116	1.31237758320379e-06	3.71449726674645e-05
YLPM1	0.134378388186225	11.2527129074524	0.202303943722991	1.22422004556768	1.34103413820075e-06	3.78209805880461e-05
ANGPT1	0.0436954441157937	33.0439414373182	0.201699368204213	1.22348013578674	1.43922333302725e-06	4.04462585611381e-05
TUBA1A	2.19889339557378	1.38431162984384	0.201605235404897	1.2233649715971	1.45511705977297e-06	4.07484194300381e-05
IL7R	0.152825258927609	9.9748733982341	0.201376106229469	1.2230846951009	1.49450876729036e-06	4.17041619041413e-05
SYNGR2	0.0498739618635163	29.0235658770861	0.201051974924239	1.22268831930464	1.55197887428783e-06	4.31559037850213e-05
LBH	0.859254651901234	2.38323913844002	0.200886837333077	1.22248642417154	1.58206530717284e-06	4.38386977599468e-05
MSX1	0.380201522078184	4.44707983462108	0.199950125884499	1.22134184329699	1.76356328968324e-06	4.86976971105911e-05
KCTD5	0.109512235631022	13.6034140128265	0.199685918460927	1.22101919833974	1.81825210290931e-06	5.00334997067925e-05
SCARA3	0.436497229459231	3.96440669408346	0.198758061541815	1.21988679266466	2.02343928731978e-06	5.5487046200724e-05
NGFR	0.0409995907062842	35.0598869207998	0.198624432654494	1.21972379144097	2.05475326572212e-06	5.61514470029235e-05
RIPK4	0.0143618377988466	98.6865124350577	0.198340947871714	1.21937806731299	2.12272358096768e-06	5.78095683132951e-05
IL33	0.0129040702405559	109.411777576324	0.195240935218448	1.21560383298484	3.02072193345793e-06	8.19836346666237e-05
TK1	0.445749206653544	3.8805807843643	0.194410443807453	1.21459470353705	3.31696649051137e-06	8.97165851102479e-05
CYGB	0.263815263261295	6.04033501391288	0.193082874871052	1.21298331518954	3.84880019379354e-06	0.000103747420189843
CYYR1	0.0153949197554928	91.6169422380038	0.192932616657359	1.21280106817575	3.91387516390466e-06	0.000105143934487947
SBSN	0.311883664735679	5.21980579065833	0.192500723986414	1.21227738137948	4.10681181087737e-06	0.000109954336490551
MAFB	0.099833844780401	14.7139323230295	0.190457047877598	1.20980240894034	5.14931343736511e-06	0.00013740171377481
PTGER3	0.0206063657172791	68.4354103904605	0.190053192989119	1.20931392296875	5.38317299865149e-06	0.000143159885954071
CXCL2	0.023234296405408	60.743581111958	0.189486842624483	1.20862922149629	5.72821009324806e-06	0.000151826304311006
WNT16	0.0553525626834626	25.8994855998323	0.188586152759171	1.20754111150395	6.32062696239937e-06	0.00016696989559005
PAN3	0.0423892400755769	33.5731654872667	0.187910939885635	1.20672603940469	6.80247843401298e-06	0.00017910179930084
TRIP13	0.0619892091330668	23.1880481134218	0.187850332646326	1.20665290528709	6.8473972266645e-06	0.000179687493448067
TNFAIP6	0.0841494207376369	17.2728544170445	0.187756008669132	1.20653909435361	6.91786640035362e-06	0.000180937594794728
C11orf87	0.0165023450087817	85.028353147489	0.187188315007754	1.2058543441401	7.35676914611328e-06	0.000191784195667591
TOP2A	0.0936636565554168	15.579317461354	0.186898416197657	1.20550481906649	7.59098354445199e-06	0.000197241129802564
SLC20A1	0.17756043000284	8.5501264388483	0.185295740678289	1.20357433338877	9.0190852864736e-06	0.000233582519265697
WNT5B	0.733158978022924	2.6239531220935	0.185168941937186	1.20342173135355	9.14235193288783e-06	0.000236003710319661
CD163L1	0.0153197219001803	91.3234098374411	0.184866251203499	1.20305752187095	9.44310971821796e-06	0.00024297611856129
TNFRSF19	0.0820463172763704	17.6414384119798	0.1846204500577	1.20276184529392	9.69422751673627e-06	0.000248630268835388
DCUN1D1	0.108266795176508	13.5313837751884	0.183558795932793	1.20148560580192	1.08534884920047e-05	0.000277464181610121
CCNB1	0.099293246823122	14.6825018608276	0.1831592273624	1.2010056258149	1.13229355479711e-05	0.000288534611632382
TSPAN2	0.152215597919418	9.80627086065528	0.180628575921668	1.19797014169373	1.47740729716425e-05	0.000375270924039317
NAT10	0.0643744865985534	22.1865878844612	0.180243826130152	1.1975093115893	1.53789368570749e-05	0.000389386819783765
CST6	0.0955610530028538	15.1785119180162	0.179939115635804	1.19714447352279	1.58745347628321e-05	0.000400655057310333
MKI67	0.115241742756147	12.7058223100267	0.179575131332637	1.19670881101777	1.6486361927889e-05	0.000414775931042921
SMIM3	0.431650312208629	3.92169081113486	0.178834443053898	1.19582275101603	1.78009966888661e-05	0.00044643322392172
SLC7A11	0.371059649866772	4.44112339853804	0.178287204498084	1.19516852972464	1.88353498331475e-05	0.000470883745828686
FECH	0.106148586047135	13.6994180308807	0.177196708011046	1.19386591302011	2.10684005940873e-05	0.00052505369405076
BDKRB1	0.0990255569760887	14.6164805160557	0.176086745284195	1.19254150151548	2.35968596476451e-05	0.000586222923848237
CNN1	0.184611898886928	8.16799809176809	0.175131142084679	1.19140244936869	2.60007826017429e-05	0.000642395547234219
PTHLH	0.0217467459484215	63.9237059960954	0.175123822043075	1.19139372828511	2.60200593895501e-05	0.000642395547234219
MARCH4	0.229771207682633	6.7028213762847	0.174839832865181	1.19105543339799	2.677842771341e-05	0.000659065340462031
LYPD6B	0.116530974989071	12.5122294703435	0.174707101461193	1.1908973534294	2.7139987412181e-05	0.000665895975979982
LMOD1	0.0405781466201954	34.5341848434061	0.173401121789196	1.18934308083951	3.0951830268438e-05	0.00075707794715238
SYT1	0.0269206858782683	51.6413773124855	0.172499975812324	1.18827179187345	3.38706854147013e-05	0.000825923636650793
GXYLT1	0.0477612333683814	29.4094839719007	0.172059991478521	1.18774908590038	3.53883244630877e-05	0.000860283654509112
NRG1	0.392909775137826	4.2077847548365	0.171961337780503	1.18763191584047	3.57372977133484e-05	0.000866110349780692
LURAP1	0.068488309786838	20.7239265889367	0.171899229279536	1.18755815609305	3.59586586002954e-05	0.000868818199412625
SLC4A7	0.0941273701841187	15.2598830014591	0.170887687670281	1.18635749896445	3.9750869519982e-05	0.000957524744516283
IL6	0.0165673552969619	83.2964800502708	0.170507650351235	1.1859067245021	4.12705846406077e-05	0.000991119343263078
GALE	0.089054175907869	16.0801032792464	0.170385407591649	1.1857617648518	4.17709330723451e-05	0.00100010466646023
PHF7	0.0389531252798114	35.8073600881554	0.169571650431952	1.18479723522563	4.52501052138168e-05	0.00108014181873343
ANG	0.104960322632294	13.7131838778107	0.167535850125193	1.1823876781714	5.51861074923195e-05	0.0013133630686986
ALDH1A3	0.295098171679445	5.3390183488216	0.167375315977463	1.18219787980816	5.605116084953e-05	0.00132995643632493
LAPTM5	0.0523740062349724	26.7526322019326	0.167207224186031	1.1819991787492	5.69705864066929e-05	0.0013477370067852
FAH	0.281768354944617	5.5532344395454	0.166580238505739	1.18125831446992	6.05265858371895e-05	0.00142759878797538
FGF9	0.0550888526542641	25.4114007616153	0.164920217739875	1.17929902781625	7.0974399609588e-05	0.00166905672672399
WDYHV1	0.161161970880198	9.14551699919369	0.163633967803311	1.17778312963749	8.02089601738972e-05	0.0018806390810004
COL3A1	8.06657623434828	0.883047509972943	0.163387753709115	1.17749317852756	8.21004026123074e-05	0.00191930882213138
WFDC1	0.0150158756656492	91.1478303252806	0.163067386866217	1.17711600917492	8.46241136630177e-05	0.00197248853170416
NPW	0.133394711047599	10.8916162294501	0.162824376247258	1.17682999223893	8.65867324147237e-05	0.002012316288524
ADM	3.4207974475834	1.11066721377991	0.162418200543934	1.17635208955194	8.99626070933949e-05	0.00208465982811449
PIP5KL1	0.138973327723968	10.4742569015725	0.161982361033246	1.17583950054422	9.37219104978695e-05	0.00216544064342745
RASGRP2	0.0345555987863155	39.9658582227608	0.161924005827884	1.17577088619071	9.42362710962444e-05	0.00217099548964458
HEXIM2	0.0686226439105032	20.4389904939739	0.159945979650577	1.17344747923675	0.000113317904745983	0.00260302723220845
FLNC	1.26695623360117	1.78052617603929	0.159866909662893	1.17335469842715	0.000114151055485661	0.00261458703677417
RCAN1	0.269148123943626	5.71930828359944	0.15602335838985	1.16885350530685	0.000162293152746577	0.00370655111099892
TBC1D1	0.123779248213163	11.5963139138515	0.155443804747451	1.16817628826118	0.000171014774478208	0.00389451749350517
TNXB	0.157796417452287	9.24803177652899	0.15531030394988	1.16802034620442	0.000173084759095276	0.00392665653826536
PINLYP	0.0825896320159906	17.0234688473657	0.15528901467667	1.16799548016485	0.000173417007999101	0.00392665653826536
PPFIA4	0.0175811634437991	77.2770158682851	0.154363166689518	1.16691459434572	0.00018845441957689	0.00425498938788278
LHB	0.0175327900042546	77.4817919570455	0.154279547352714	1.16681702180077	0.000189870683395154	0.00427478740314373
PRELP	0.0906067236471055	15.5635943721432	0.154240784710641	1.16677179376677	0.000190530563007828	0.00427749210152135
CEP55	0.0532755480161006	25.9546636691877	0.153531242695743	1.1659442137934	0.000202993115945435	0.00454440803352421
APOD	0.137441197238561	10.4725831410761	0.151488122445061	1.16356448142655	0.000243242779368251	0.00543013810279828
TMEM200A	0.0882592364226182	15.9099351424865	0.151179523830651	1.16320546243903	0.000249930158907988	0.00556375423973541
ASPM	0.0581986991765584	23.7393920033285	0.150184919311114	1.16204910818185	0.000272662852274043	0.00605280981588737
ERRFI1	0.0832756154728596	16.8025515391768	0.150152663069139	1.16201162544916	0.000273431250863254	0.00605291246673545
ADRA1D	0.017415095422797	77.6588766401561	0.149888337267947	1.16170451638548	0.000279804036557124	0.0061767325618808
HLA-DPB1	0.202316050290982	7.32047104938188	0.148703362356973	1.16032874097026	0.000310102365184303	0.00682655901134889
MRM1	0.0239150469333441	56.6742718037055	0.148670371908485	1.16029046183613	0.000310987833226452	0.00682708747456961
FAM131C	0.0220351238292401	61.3903673276859	0.147710074795833	1.15917677307742	0.000337812045170222	0.00739547087838125
PLAU	0.061193863023757	22.5521396177845	0.14753518810295	1.158974066211	0.000342921938584047	0.00748665664815034
NUDCD1	0.0421330590397278	32.4306719464985	0.147358450669436	1.15876925020888	0.000348158506718161	0.00758009935643249
CNEP1R1	0.0499655152570392	27.4256764701341	0.146210608454257	1.15743992901729	0.000384009577171528	0.00833774218927222
ECM2	0.0384287788610847	35.4149964652111	0.145271529839145	1.15635351212694	0.000415846218685746	0.00900432044558617
