genes	u	cv2	residualcv2	fitratio	pval	fdr
IGFBP5	0.342200254471201	366.856889386773	4.52167762182814	91.9897926859647	0	0
COL1A2	0.402752942016663	162.932103504273	3.85289262484539	47.1291933255703	0	0
POSTN	0.153560469632229	253.390602982836	3.41558795433415	30.4348384632655	0	0
COL1A1	0.681340173998578	62.389328440126	3.33119895174876	27.9718585153843	0	0
SPARC	0.302969994451542	106.035658930558	3.17194268537083	23.8537797621478	0	0
TSLP	0.658172952064501	43.6291720887216	2.94592779660722	19.028308599314	0	0
IGFL1	0.33430910483053	75.6553331340707	2.92220960031298	18.5823015900515	0	0
IFNL2	0.520792912546522	50.3169713984885	2.89692068949721	18.1182676093679	0	0
IFNL3	0.442754886269596	52.7386209090266	2.80655658498283	16.5528217368164	0	0
CCL2	1.4517337934404	15.0024029115	2.45409916033271	11.6359467037485	0	0
IL23A	1.4390209982261	14.5608887634224	2.41854097863756	11.2294633298572	0	0
SERPINB4	1.83786905265211	12.3673038006677	2.40670110264906	11.0972918674848	0	0
S100A7	0.457983252307684	29.3217959091136	2.24843482318	9.47289746751785	0	0
COL3A1	0.105980499720133	111.006138546235	2.23655527332272	9.36102949593138	0	0
COL6A3	0.0448139246458058	234.971772495722	2.14819174738174	8.56934883133638	0	0
PI3	3.38629337937575	6.97235259994087	2.14797716907475	8.56751023224099	0	0
RP11-338I21.1	0.0357111510978539	286.796233791171	2.12383345718624	8.36313583952961	0	0
TEX26-AS1	0.0308360118031024	330.566480999475	2.12091036240405	8.33872529534284	0	0
OVOS2	0.102500399454381	101.276303416778	2.11270006757387	8.27054218688376	0	0
GREM1	0.0388237242793034	256.99822537406	2.09653836038142	8.13795044625691	0	0
AMTN	0.48106077457091	20.8422559139555	1.94883533340308	7.02050626811944	0	0
TNFAIP6	1.47614970752396	8.7600519160021	1.92682574040779	6.86767582000591	0	0
S100A8	1.07492551184526	10.3583603301189	1.87968408991902	6.55143487092217	0	0
MSMB	1.00761846104597	10.743322771102	1.86977656818668	6.48684686939843	0	0
IL17C	2.23917572199108	6.27448400259941	1.83988347699397	6.2958046122052	0	0
LY6D	0.186797918571237	43.300957738211	1.83295306753328	6.25232295523881	0	0
SLC15A2	0.295966167295376	28.3483116187531	1.83172545690182	6.24465224639283	0	0
KRT81	0.0949532149168128	80.3407123862306	1.8073933110532	6.0945401381401	0	0
AREG	9.07543200491763	3.56672091780308	1.79906185581421	6.0439746841771	0	0
CXCL6	0.678661190523755	13.0305125482727	1.76196467976181	5.82386819777529	0	0
CTGF	0.146548343507689	50.3399849390189	1.75522596509895	5.78475474696124	0	0
CRCT1	0.471110243443297	17.120710351366	1.73442933447439	5.66569366503367	0	0
PPBP	0.758688464640185	11.4174938120988	1.71748780852664	5.57051666701331	0	0
MMP1	0.698346046895921	11.9564334920364	1.69862642235985	5.46643366151381	0	0
COL6A1	0.248689834144589	29.0253511185673	1.69749962508976	5.46027756797295	0	0
SERPINB2	2.35692916195296	5.21630260697614	1.68260535820575	5.37955339263052	0	0
SUGCT	2.21079408727222	5.23240573020765	1.65133629341612	5.21394253111238	0	0
S100A9	24.5359132270627	2.46812331396437	1.58421529041442	4.87546405366282	0	0
MEG3	0.0301708292096092	190.70039115823	1.54924715326759	4.70792450250323	0	0
IFNL1	0.906759030895835	8.33371648336436	1.53834181597879	4.65686193121085	0	0
CXCL5	5.05960443098662	3.15557505547469	1.51185865529774	4.53515225035408	0	0
FBXO32	0.837572644186973	8.45831402781893	1.4934901432737	4.45260867390341	0	0
KRT6B	2.94896090790292	3.70927402558062	1.45386309099179	4.27961516568595	0	0
KRT14	0.82311893486781	8.22110837882943	1.45179802726852	4.27078660656376	0	0
CCL5	15.9788236166643	2.22814320281265	1.43114080993121	4.18346901367365	0	0
HAS2	0.057099589528278	90.2924204566024	1.42949930146404	4.17660744706612	0	0
ANKRD1	0.12666231599015	41.0768573235257	1.41319186218789	4.10905001623014	0	0
SULF1	0.0461067230256569	108.738033888006	1.40562718198185	4.07808363994279	0	0
SERPINB3	0.841327945450816	7.69246391231112	1.40197693682222	4.06322477063205	0	0
CCL7	0.0242425511339329	202.524947762953	1.39285977125692	4.02634803874504	0	0
NEXN	0.469267320392648	12.0641958311494	1.38105473547675	3.97909630900868	0	0
LCE3D	0.0547411891559573	86.8273302210798	1.34906019141149	3.85380199203678	0	0
IL20	0.0662540616955845	71.9770775252057	1.34811002070493	3.85014196137736	0	0
THBS2	0.0734081591274197	64.6967453871803	1.34137547207047	3.82430010736972	0	0
SBSN	0.0304797413833917	153.02342914521	1.33920583359087	3.81601175331654	2.96439387504748e-323	5.90902512426131e-321
GDF15	2.71058319102349	3.42646389140277	1.33382178370569	3.79552136580641	5.22474420477118e-320	1.02274355456755e-317
COL6A2	0.0318124210724154	144.097564346675	1.32140180832337	3.74867261626075	1.56324153920658e-312	3.00636030750569e-310
IL13RA2	0.543651956993587	9.65359591055504	1.28166879514193	3.60264679135762	1.88717672091882e-289	3.56676400253657e-287
LUM	0.0168423707315382	259.276836321582	1.2784586026773	3.59110014516957	1.21946311306681e-287	2.26572112634548e-285
VIM	0.640769069764546	8.33149718957503	1.26873054978481	3.55633510525407	3.3365907880897e-282	6.09595136983988e-280
CGA	0.044896272027615	97.2951075438565	1.26828029282153	3.55473420104536	5.93177466541355e-282	1.0659690800371e-279
DKK1	0.303146217507171	15.3734222682136	1.24132912313608	3.46020945420941	2.80722546856246e-267	4.91906979803851e-265
ADAMTS2	0.0158918282532433	264.673402179442	1.24132340269035	3.46018966032562	2.82705160806811e-267	4.91906979803851e-265
CCL3L3	0.0364054498647231	116.213220260925	1.23948452815325	3.45383265232712	2.70753977799645e-266	4.63750797599954e-264
IFNB1	0.0751633077235234	56.0602704695791	1.22107438116254	3.39082881992335	1.31089131540595e-256	2.21076778453539e-254
CSF2	3.52537304654361	2.6698055493302	1.20547927521997	3.33835868730445	1.33811067755121e-248	2.22248018898732e-246
SFTA1P	1.28362473422832	4.63851874806324	1.19912315930556	3.31720698507073	2.18796304436472e-245	3.57976878989941e-243
TIMP1	9.43211441067528	1.94059212272714	1.1989767410351	3.31672132091713	2.59252833142275e-245	4.17930817192003e-243
OLR1	0.427302042815017	10.8425085662336	1.19417633273691	3.30083785841943	6.62147075650951e-243	1.05195018018634e-240
RGS2	0.769232968773946	6.58807089859079	1.17831030533124	3.24887994726332	4.57376242934655e-235	7.16251196435671e-233
ITGA1	0.170719732114559	24.2094937705494	1.16721472913967	3.21303100240569	1.08890788169659e-229	1.68121242241663e-227
FST	7.06073459532443	1.9896000294877	1.15295955339439	3.16755359512748	6.59226588261431e-223	1.00367248062803e-220
DHRS9	0.730404382342528	6.60560700164642	1.14061376953039	3.12868806940501	3.80021834598609e-217	5.70657445324652e-215
CYP24A1	0.510086696492625	8.83308931670127	1.13969984369601	3.12582998678737	1.00493298363254e-216	1.48865883332161e-214
TAGLN	4.9638360847299	2.14331928747198	1.11844352409803	3.06008754214145	4.63589764005729e-207	6.77582799070773e-205
PTX3	0.295948924059559	13.8263894002572	1.11368462726192	3.04555949737024	6.1436107237994e-205	8.86135009924855e-203
MMP13	0.205036781210344	19.2978935027266	1.11151414958914	3.0389563470675	5.64163853974201e-204	8.03164177566908e-202
AQP3	4.43378666414842	2.18775639107255	1.09825603947864	2.99893144277921	3.6857133317974e-198	5.17984481322604e-196
CLNK	0.291391850418945	13.6222109403815	1.08484044452084	2.9589676615698	2.15960825518388e-192	2.99666148016781e-190
IL6	6.02613463193339	1.91121831609928	1.06705179026496	2.90679700746435	6.37622554144143e-185	8.73702304816012e-183
LTB	11.4198230008644	1.60961236564742	1.05083233209928	2.86003062294906	2.7661271546397e-178	3.7434920826124e-176
SRGN	0.38058296958014	10.377336570181	1.04986713181139	2.85727145235872	6.78705805997377e-178	9.0731378601747e-176
SPP1	0.0688444318051356	50.7321579732082	1.03571961152337	2.81713274757395	3.01591377982814e-172	3.98318636800916e-170
NUPR1	16.6178794788108	1.4521559818192	1.0084965256566	2.74147617590552	1.01047317586262e-161	1.31866749450072e-159
CYP1B1	0.107756165913691	31.4165077440088	0.990273620997475	2.69197095136349	6.35469342875956e-155	8.19531169012498e-153
IL36G	9.11981543414817	1.58486589141131	0.989013589696365	2.68858111979853	1.8449351795098e-154	2.35164877183564e-152
MMP9	0.212473265818671	16.509882344586	0.98849744516184	2.68719378141228	2.85315470472632e-154	3.59497492795516e-152
IL1RL1	0.235330997303805	14.971321536074	0.984881689630069	2.67749509024679	5.98955217700855e-153	7.46107624595088e-151
COL4A1	0.422931770239546	8.83868141906488	0.980983297148054	2.66707748267129	1.56425195375591e-151	1.92666628281711e-149
DUOXA2	3.12420676963151	2.23341461488612	0.973434230134253	2.64701934140661	8.18737210801719e-149	9.97221922756494e-147
CXCL9	0.0676212626436621	48.112550479612	0.965226777558126	2.62538296690888	6.79218204574908e-146	8.18196698741774e-144
KRT23	0.507769053847872	7.44487376817719	0.964901808686892	2.62452993778103	8.84685362531062e-146	1.05412184174625e-143
PLAT	1.24032313264333	3.72477848472951	0.956505312883311	2.6025853409561	7.79237661824585e-143	9.18494973002269e-141
RRAD	0.0620648689723765	51.7793128655757	0.954983183702871	2.59862688327029	2.63787347751272e-142	3.07620947452069e-140
SPRR2D	0.108205142475745	29.4160457785015	0.928475242748747	2.53064761109483	2.73181338908334e-133	3.15222509169806e-131
LINC00958	2.04907993762942	2.64825061436951	0.928280410491232	2.53015460733587	3.17155966592873e-133	3.62152469353237e-131
NKX3-1	1.47171138995651	3.22615620836346	0.925981870758959	2.5243456250879	1.83840171752109e-132	2.07758346674909e-130
INHBA	6.24268569015223	1.61993653844514	0.912333013889756	2.49012525864916	5.45569860472262e-128	6.10258858213973e-126
CYR61	1.47911800241889	3.16591787086753	0.910355589763598	2.48520609012972	2.37922120195575e-127	2.63444674907464e-125
CCNA1	1.03761944598931	3.97714877659731	0.897214818743426	2.45276220168178	3.7447556592253e-123	4.10500115364278e-121
CKS2	6.9273087473471	1.54758716346518	0.896489036826267	2.45098267708021	6.34662093758103e-123	6.8882830413627e-121
STC1	1.89373886794367	2.680655708935	0.895264271277494	2.4479826354855	1.54365166437328e-122	1.65897152400587e-120
BAMBI	0.125974085909227	24.5849606971095	0.894681906739773	2.44655743224383	2.35403362022593e-122	2.50533170338997e-120
CLEC2D	0.634284129937914	5.72778687352106	0.885820612751105	2.42497353942139	1.37478414779765e-119	1.4490753680921e-117
CX3CL1	1.0644095565215	3.85067088204904	0.883138006727342	2.4184770085095	9.28041582958967e-119	9.68875412609162e-117
IL19	0.0514762960891978	56.776746514391	0.863981078740042	2.37258737423125	6.03849670414164e-113	6.24471706328308e-111
SPRR1B	0.552169210232374	6.27077492773574	0.86311523601167	2.37053397579418	1.0944433545151e-112	1.12124187403687e-110
NREP	0.178627330456658	17.0335881957385	0.858130172288547	2.35874611888746	3.30112452846659e-111	3.35064139639359e-109
CLEC2B	0.493746257596859	6.84615784948458	0.857517668965884	2.35730182141598	5.00683533164563e-111	5.03531457848618e-109
KRTAP2-3	0.110305547132739	26.6672981508955	0.848835440583932	2.33692378005155	1.75098685669212e-108	1.74493799300536e-106
CTD-2017D11.1	0.160159595322682	18.3102728203358	0.827838368897915	2.28836678522647	1.72928078493491e-102	1.70778161841951e-100
CH25H	0.0639685734302386	44.2392020136233	0.827112388588429	2.28670607889251	2.76180929906518e-102	2.70312085146005e-100
TNF	0.364563143994386	8.61285912511298	0.825805211150243	2.28371890110947	6.40680877728352e-102	6.21517148819309e-100
S100A4	0.937216245911442	3.98292895964735	0.824546237780646	2.2808455689332	1.43818279319151e-101	1.38292629640046e-99
PTHLH	0.720085188102576	4.86694397469354	0.823995017842811	2.27958866782678	2.04796375346446e-101	1.95215466656325e-99
AKAP12	1.42849135861638	2.96661077770913	0.822860068672249	2.27700291818377	4.23564500932729e-101	4.00268453381429e-99
ALDH3A1	0.461550709410009	6.91109691794563	0.809842018010063	2.24755288575005	1.59075301081595e-97	1.49041320551833e-95
CCL20	46.6652286870795	1.08392774972194	0.808578564215413	2.24471499967436	3.50049488032584e-97	3.25190041340101e-95
LY6K	0.453380959305944	7.00377457000393	0.807937763097514	2.24327704456403	5.21862466792161e-97	4.80727425292073e-95
FN1	11.3273465247705	1.24031970549431	0.788674417109614	2.2004775766685	6.89283822069157e-92	6.29660771460175e-90
CCDC71L	2.82785202996476	1.94463135324364	0.788055165831437	2.1991153499404	1.00014447920067e-91	9.06081304214692e-90
FBN1	0.0296477477627967	90.6221478447334	0.787948471190793	2.19888072863505	1.06634686047583e-91	9.58138875781643e-90
AKR1C2	0.315185030891766	9.38083194690415	0.782225552994934	2.18633265415215	3.25858835359933e-90	2.9041175229395e-88
KRT80	0.0920431924412681	29.5291401939709	0.776431030756704	2.17370053486074	1.00216276484176e-88	8.85944211951243e-87
APOE	1.11776510050274	3.34081063764776	0.775730309573488	2.1721779103799	1.51284704604198e-88	1.32670634549698e-86
CXCL3	17.6108650693901	1.13797453770151	0.772467236921893	2.16510148776563	1.0224524105273e-87	8.89533597158751e-86
SDC2	0.0559330781294758	47.5760673911838	0.768566587667079	2.15667263594519	9.8874702453418e-87	8.53436604956195e-85
CLIC3	0.0294535681132626	88.7160524903749	0.76019220499381	2.13868724736399	1.22116815302349e-84	1.04581603855028e-82
EREG	1.55960148770095	2.61426459719251	0.752548267959582	2.12240157931703	9.28224246853306e-83	7.88774743721391e-81
IL33	7.24276346698647	1.30939890737983	0.741465065298337	2.09900844735821	4.43760578390631e-80	3.74192573870623e-78
C8orf4	0.252839911366598	10.9053707868487	0.733701855939637	2.08277649288753	3.09530518097354e-78	2.5901324728116e-76
FLJ22447	0.0595631540409532	43.1313039298932	0.732023449477423	2.07928367936287	7.68597341357273e-78	6.38285155754427e-76
KIAA0101	0.498177037643779	5.96862040817579	0.727868612260867	2.07066251631464	7.21180681675587e-77	5.94404709212616e-75
SLC2A3	0.0419028483631878	60.0388555791254	0.717636405325703	2.04958309735744	1.65851801708141e-74	1.35676675397362e-72
PTGS2	1.72443966185612	2.35816517737637	0.711457810501874	2.03695859484574	4.20008416872813e-73	3.41046834500724e-71
ANGPTL4	1.88405721759651	2.19676737585143	0.693199993705129	2.00010562907965	4.70685489679808e-69	3.79386348372798e-67
CLDN11	0.192501592989709	13.3184320039448	0.681991536631018	1.97781269905404	1.22184987475697e-66	9.77658272050069e-65
EDN1	3.56344372876897	1.57434898930894	0.681904786496144	1.97764113097753	1.27495000187236e-66	1.01275376235687e-64
EGR1	1.14975466829476	2.98146182495296	0.68168020784469	1.97719704486727	1.42333469887609e-66	1.12248884669638e-64
CDH11	0.0621468311710652	39.0600389599202	0.674381833938908	1.96281925262118	4.95956186880409e-65	3.8833369432736e-63
ADAMTS1	0.855460583933123	3.66882874488471	0.67422017932705	1.96250197948177	5.36221086553745e-65	4.16883372397316e-63
TESC	0.0727525543527854	33.2996974472962	0.668483094827609	1.95127517515108	8.4196187117088e-64	6.49970847308111e-62
NR4A3	0.128140161490899	19.2786426944216	0.667811700325533	1.94996553941676	1.15968656265484e-63	8.88984902085482e-62
RP11-357H14.17	0.0327164379611567	72.7182118508356	0.665186118769833	1.94485246120147	4.03907786658105e-63	3.07474802593482e-61
CCK	0.317477891653235	8.25960188474697	0.661407304515661	1.9375170932241	2.40529564832919e-62	1.81840351013687e-60
RBP1	1.21906477827428	2.78547741653658	0.654117009935262	1.9234433859288	7.23136091578711e-61	5.42946427115468e-59
SERPINE1	0.542340431051113	5.16080977787993	0.653427976351485	1.92211852532855	9.94876962532435e-61	7.41893963488473e-59
FOLR1	0.4372767636064	6.15030445172754	0.647036382553884	1.90987230261505	1.8775055569394e-59	1.39062269697093e-57
SLC6A14	3.24453812423291	1.57753793504903	0.6429143918892	1.90201602967848	1.22292390692228e-58	8.99710863602818e-57
TNIP3	0.877110588263795	3.46747446814372	0.636599856999794	1.8900435232855	2.09192272795004e-57	1.52877712958589e-55
CTSC	5.94721214713422	1.24526558876657	0.634620874110772	1.88630685811115	5.0542163263354e-57	3.6691602231317e-55
TGM2	6.80299984511728	1.19625278766334	0.63395085539043	1.88504342051459	6.80768258295924e-57	4.90959318910521e-55
FGFBP1	0.674075336149785	4.23944453705057	0.633704153465284	1.88457843403266	7.59588476827238e-57	5.44222802809162e-55
COL5A1	0.0860365530499537	27.2681613631268	0.631485219137061	1.88040131434219	2.0295905716964e-56	1.44469947058025e-54
MAP1B	0.064541441757488	36.0283456913792	0.630511162239759	1.8785705882327	3.1199180597418e-56	2.20648656586385e-54
CTHRC1	0.0490435382457949	46.8972076275994	0.625302278090834	1.86881077261477	3.06332314796016e-55	2.15257361204739e-53
SERPINB7	2.14931738333062	1.90119915694606	0.623492165030456	1.86543107356938	6.73539859047105e-55	4.7027668374996e-53
SLC34A2	0.42272552522453	6.16851328389262	0.620882915916282	1.86057004376986	2.08578777564304e-54	1.44711427826576e-52
MMP7	0.362101390871815	7.05794715110964	0.620746157462023	1.86031561248485	2.2127092087539e-54	1.52551687712958e-52
BPGM	3.2644120989803	1.52634571713055	0.612662881833559	1.84533878110916	7.04550951477129e-53	4.82705470630768e-51
CD55	1.2807867718708	2.58121677061886	0.611498445462566	1.84319125208874	1.15417284006172e-52	7.85841159798547e-51
MT1E	16.4335404593449	0.971857723246233	0.605362715934043	1.83191655371813	1.52358905324703e-51	1.03096192603049e-49
C1orf56	2.44927546086724	1.73719892149778	0.603226172097165	1.8280067619037	3.71165940923078e-51	2.49614787999925e-49
MYL9	2.71729663427734	1.64767283604554	0.602877604323199	1.82736968869396	4.29027572885333e-51	2.86768308168842e-49
AC004791.2	0.0518291122210022	43.3271885685268	0.600334272081978	1.82272798564667	1.23057606455877e-50	8.1754998907232e-49
THBS1	1.93985211559422	1.96533316006096	0.598812598930805	1.81995649859251	2.30507028347746e-50	1.52217954502891e-48
KRBOX1	0.0385513764542919	57.8012152319489	0.597540792298617	1.81764333710616	3.88867987017774e-50	2.55255740939451e-48
MROH8	0.0738953008260394	30.4912570464567	0.595539467555421	1.81400928019827	8.82895824300745e-50	5.76089525356236e-48
ESM1	0.0395787652274484	55.923964904383	0.590442027042814	1.80478600332712	7.01188768391586e-49	4.54818418882164e-47
TNFSF15	0.200595745748848	11.6956156676629	0.590394475378543	1.80470018478943	7.14795991960989e-49	4.60917274345669e-47
S100P	2.16338418397751	1.82949460413174	0.588640242362295	1.80153709534996	1.45044545185335e-48	9.29811873872307e-47
RHCG	0.673390148313578	4.00919985112689	0.577053095214377	1.78078289313902	1.45012527375626e-46	9.24201933192796e-45
TNFAIP2	9.34051948558638	1.04138138062263	0.574386902451687	1.77604130647826	4.11379522529773e-46	2.60667186472334e-44
WNT5A	0.0510982972255909	42.7109215260888	0.57207887181216	1.77194687557942	1.00935350025545e-45	6.35892705160934e-44
AIM2	0.853243834129398	3.31087170204138	0.569598199670292	1.76755670386796	2.63466590168763e-45	1.65035472081713e-43
CKB	0.78746759658377	3.50894009638867	0.566464152452449	1.76202576933001	8.78606419636042e-45	5.47232021139221e-43
TIMP3	2.06773906708425	1.83416553187314	0.566067740505991	1.76132741969129	1.02255866043056e-44	6.3329310935818e-43
LAYN	0.783748082768071	3.51111384556487	0.563433370304437	1.75669353758204	2.79298886208337e-44	1.72004179248078e-42
ARL4C	1.17510227912851	2.60454421432379	0.561671776341911	1.75360168094977	5.45010180241852e-44	3.33765452279954e-42
NR4A2	0.332346693743446	7.15116767386205	0.558069068613247	1.74729533340544	2.12090040692072e-43	1.29162834781472e-41
TUBA1A	0.78871055240156	3.45510554551383	0.552218163632572	1.73710192385118	1.88125225900921e-42	1.13935288747287e-40
NR2F2	2.11400172242084	1.78141408238501	0.549242028659495	1.73193975952298	5.64526907846504e-42	3.40018899110625e-40
ADAMTS9	0.263164190148037	8.72196616759983	0.546755236138058	1.72763813552143	1.40575791139844e-41	8.4207203413933e-40
AQP5	0.0638953063026549	33.4354399331377	0.545998520226381	1.72633129876911	1.85362188871367e-41	1.10431538826518e-39
FAM43A	0.295107847511756	7.85515605491646	0.545715829282276	1.72584334951709	2.05511803707941e-41	1.21774075256565e-39
SLC7A11	0.757805189158276	3.53998031717928	0.545556966991977	1.72556919986648	2.17775228572129e-41	1.2834688471009e-39
ATP2B1	1.46248157806	2.21245129466889	0.544745365715979	1.72416929386164	2.92724949786692e-41	1.71596304789397e-39
GAL	2.52205488587949	1.61263568541447	0.543915932455157	1.72273980341744	3.95803507492672e-41	2.30787130273121e-39
LGALSL	0.782529364407044	3.42123247074858	0.536300305760124	1.70966989113712	6.14500467692351e-40	3.56410271261564e-38
EPB41L3	0.0191310639246388	108.644954443999	0.53520339593967	1.70779556561477	9.08455318278443e-40	5.24130905208858e-38
KCNJ2	0.0581543423105429	35.6752051856	0.518814920289225	1.68003549352335	2.76905940385906e-37	1.5892371301101e-35
COL5A2	0.23116664011996	9.51910797827873	0.515639462939283	1.67470907385228	8.17178773441508e-37	4.66558005961761e-35
NR2F1	0.0379953659892922	54.0030668625662	0.515251513113647	1.6740594967689	9.32149235338933e-37	5.29441446517377e-35
UCHL1	0.972362867329099	2.8380301173843	0.512687943363263	1.66977342465235	2.21761705968673e-36	1.25306794888072e-34
NPW	0.225272666173779	9.71650544915067	0.512389021604927	1.66927436763744	2.45257271820617e-36	1.37872318651159e-34
IGF2	0.0631359936808088	32.5957248723354	0.508888808239178	1.66344176481675	7.93130162133664e-36	4.43586369250471e-34
HIST1H2AC	1.53827203158146	2.06037539814373	0.505769912502493	1.65826174555729	2.23783552853816e-35	1.24523619613377e-33
DDIT3	0.988941268381436	2.77877313706066	0.503919486558607	1.65519609225851	4.12525371746485e-35	2.28389046721463e-33
MT1X	8.21200682699624	0.998222850517533	0.502191875944373	1.65233902657999	7.28347378968756e-35	4.01213264736457e-33
VCAN	0.295489685852414	7.49330717092149	0.499719090210839	1.64825819380005	1.6363063645392e-34	8.96859518403937e-33
ZNF778	0.139839117998156	14.9745751382019	0.498324361008629	1.64596092237255	2.57736593623112e-34	1.40562613895351e-32
LOX	0.0706058547437655	28.9149762432983	0.498133959637026	1.64564755898868	2.74194279088233e-34	1.4879790531511e-32
LIF	2.17844199510946	1.65848791767745	0.494315710118058	1.63937604670694	9.42825962868334e-34	5.091260199489e-32
NUMBL	0.138754734503813	14.9838247959407	0.491546720565409	1.63484291056047	2.29181344875962e-33	1.23151269731877e-31
ELF3	2.40490542696163	1.56464721218607	0.489080356605539	1.63081576117528	5.02908746001437e-33	2.68921252374037e-31
SERPINB1	10.1038269046086	0.939698435465211	0.488450407278173	1.62978875339886	6.14216799482706e-33	3.2684682310337e-31
ID2	0.272888827944229	7.95005151294779	0.487035949139019	1.62748511501562	9.61131145361459e-33	5.08981623934895e-31
SCD	0.230175078949571	9.281959851238	0.486457347506895	1.62654372184389	1.15378975052456e-32	6.08069386790876e-31
TFPI	0.752565848437306	3.33135986916284	0.479419847762871	1.61513710492694	1.04182386147822e-31	5.46434122943743e-30
GJB2	5.5335647931206	1.08629307276827	0.475297590084381	1.60849279777632	3.71155315532428e-31	1.93743074707927e-29
TPM2	4.69204880248866	1.14904539719691	0.475087711121119	1.60815524439942	3.95812782843402e-31	2.05635058081961e-29
CYGB	0.343181105451534	6.3809532890973	0.472557112585952	1.60409079400876	8.57236841096432e-31	4.43256143966938e-29
LAMA4	0.0289314624404166	67.5110621252693	0.469352736468052	1.59895891041131	2.26406569090922e-30	1.16519662458906e-28
GJB6	0.13954386547329	14.5656013747243	0.468625723573059	1.59779686912556	2.81897594066344e-30	1.4440006664277e-28
EMP3	1.77068793988014	1.8132817686275	0.464647256809062	1.59145271575583	9.2864146768972e-30	4.73477570642544e-28
RP11-297N6.4	0.0491433959961779	39.7130416098479	0.461020737337252	1.58569173396386	2.72312107939751e-29	1.38198394779424e-27
EFNA1	1.65889691955704	1.87016655550857	0.45596919629049	1.57770174495171	1.19779522993456e-28	6.05079783895975e-27
GATA3	0.0483384615527778	39.9020868848324	0.449553716963651	1.56761243052209	7.63632427407104e-28	3.83988012350306e-26
IGFBP2	8.14933643773578	0.948242440783096	0.448954259891421	1.56667299576763	9.06450525170112e-28	4.53721947804327e-26
SLPI	3.18618720789732	1.30074118644393	0.441793722413359	1.55549484361596	6.87706287117578e-27	3.42665287244677e-25
RARRES3	7.60945554342133	0.951232493754702	0.434871343820661	1.54476430269284	4.69723796491826e-26	2.32991504848118e-24
AKR1C1	0.762154147280127	3.15076552708254	0.433526158512604	1.54268770546562	6.79421282167105e-26	3.35487211491703e-24
NCCRP1	0.0556459410698431	34.1933647153155	0.433227896720149	1.54222764927739	7.37223974643812e-26	3.62396825562577e-24
IRG1	0.0725696031063681	26.3601042399635	0.432335916590924	1.5408526261973	9.40741761058456e-26	4.60375499317982e-24
SERPINB5	1.06349301016079	2.45389943963969	0.431954707734342	1.54026535147378	1.04384564927727e-25	5.08561600327888e-24
SERPINA1	0.475836356028516	4.61434604399289	0.431776546479975	1.53999096031036	1.09579268804104e-25	5.31507940102032e-24
NCF2	1.59375218174309	1.86629713737039	0.429091399212172	1.53586140450477	2.27165373893424e-25	1.09699860291617e-23
BIRC3	6.48163801882488	0.985544433704739	0.426414397993616	1.531755399995	4.67325751325381e-25	2.24685302018808e-23
CNKSR3	0.178748181086181	11.0533646541982	0.426311387012226	1.53159762049465	4.80426911388738e-25	2.29975537233334e-23
CLMP	0.267811545121141	7.60545616795398	0.425684607131866	1.53063794670484	5.68346641177812e-25	2.70878951330051e-23
POU2F2	2.58217877625879	1.41022095397027	0.421781120453631	1.52467476803677	1.60784973148924e-24	7.62997781670349e-23
ATF3	0.253987299787396	7.94815574395134	0.421518122822433	1.52427383490897	1.72382825216674e-24	8.14508849148783e-23
SYT8	0.173626329878555	11.2934173594527	0.420540060600362	1.52278372908185	2.23247215240977e-24	1.05031586844274e-22
KRT6A	11.9481562919503	0.849444105483668	0.420013965666312	1.52198281097428	2.56482404699023e-24	1.20152141893619e-22
SPRR2A	0.0298501169981451	62.2801786832246	0.419619959629807	1.52138325868067	2.84535878803368e-24	1.32726906529469e-22
G0S2	151.659446391473	0.70678071314203	0.418782281567311	1.52010936293198	3.54657657080508e-24	1.64735476140531e-22
ZFP36	1.36718994180982	2.03313375674794	0.416323458427431	1.51637627423848	6.75007055012008e-24	3.12212123925807e-22
FILIP1L	0.313922046635615	6.5129903156414	0.413767500350201	1.5125054290186	1.31146138830553e-23	6.04043686496018e-22
CDKN2A	2.43833362688392	1.43739158509788	0.411455416095412	1.50901242864252	2.38148231587805e-23	1.09229326973453e-21
C1orf68	0.0436230275373367	42.4163291630163	0.409769012745383	1.50646976960458	3.67053651314918e-23	1.67651755238089e-21
CA2	0.388175944316195	5.3724075395055	0.408766323894118	1.50496000619979	4.74243771822794e-23	2.1571204260255e-21
BEX1	0.0213073143988757	85.8376897430392	0.406496516752325	1.50154791109346	8.44670703998664e-23	3.82614886662535e-21
SERPINE2	0.46447012491129	4.55869477689532	0.399115719909006	1.49050608985712	5.3747137274293e-22	2.42459308148477e-20
LRRC75A	0.865916557723296	2.76027818615157	0.398844370988646	1.49010169750704	5.74867307722727e-22	2.58266206035104e-20
PNRC1	5.12581196617193	1.03108868901794	0.397746249433794	1.48846628282049	7.5430262066764e-22	3.3749654399015e-20
NDRG4	0.0356536163666375	51.120581851878	0.397657729240065	1.48833452932829	7.70972801859824e-22	3.4355300219461e-20
S100A12	0.071562416890961	25.741575299109	0.394986352726999	1.48436393326285	1.4871466021802e-21	6.60004091218597e-20
MMP10	0.0403010568249047	45.170124595352	0.394700780454856	1.48394010060205	1.59484751461574e-21	7.04948324807165e-20
LINC01436	0.11808343727172	15.8464996420879	0.393663484136245	1.48240161307033	2.05493261230329e-21	9.04665513898342e-20
PELI1	1.32409631484666	2.03015636539289	0.393631853727193	1.48235472484248	2.07085087099008e-21	9.08026689911731e-20
DUSP1	2.60911284896644	1.35856219008201	0.389698032622153	1.47653486119713	5.37591373034879e-21	2.34783929530213e-19
KCNK5	0.0750294555413441	24.4517598981426	0.38961602275492	1.47641377573437	5.48323740036279e-21	2.38520826915781e-19
MT1M	0.0484686647350384	37.4483474107696	0.388729267045829	1.47510513769664	6.78775033654655e-21	2.94100075846732e-19
NEDD9	0.297968985214763	6.6125296254208	0.382187534750039	1.46548688908194	3.21965545094075e-20	1.38952216744931e-18
CTC-425F1.4	0.22076479201736	8.68270284315832	0.381254448979171	1.46412010188235	4.00997652792436e-20	1.72381814506301e-18
IGFBP3	7.79874072981088	0.894954242727228	0.380163968777317	1.46252437810883	5.1785442478422e-20	2.2174688298768e-18
NEURL3	1.28723020121743	2.04022897610119	0.379677472541702	1.46181303855043	5.80279007183361e-20	2.47510446565915e-18
ASB2	1.11535272905534	2.25032211211101	0.379071126281532	1.46092694234914	6.68557742880814e-20	2.84059301451918e-18
PRDM8	0.467132930569216	4.43531030110242	0.376537341931285	1.45722995418904	1.20473971935253e-19	5.09897946082719e-18
SLC44A4	0.368899819095879	5.42944544376262	0.374770864682974	1.45465806289193	1.81136912669553e-19	7.63701091032167e-18
HRASLS2	0.341376517321624	5.7980691162287	0.372096543985023	1.45077303794268	3.3441676713486e-19	1.40455042196641e-17
ZFP36L2	1.15633169256094	2.17890935132304	0.372062912112493	1.45072424654928	3.36994290102494e-19	1.40997381988684e-17
TNNT1	0.305201797077911	6.39237165272944	0.369855000259266	1.44752470873807	5.56876907582877e-19	2.32109682924848e-17
BMP2	0.740948035572079	3.01978014704754	0.369091501422199	1.4464199471021	6.61969619452548e-19	2.74867839713592e-17
SNAPC1	2.35788959977701	1.39754078268945	0.365746011292117	1.44158904881213	1.40502122927437e-18	5.8029126400289e-17
TPM1	4.60712601591674	1.03686487952295	0.365736184000047	1.44157488196511	1.40811417829565e-18	5.8029126400289e-17
ADIRF	3.88990931767508	1.10615609533075	0.365356967676148	1.4410283168775	1.53273143786958e-18	6.29280974603981e-17
MAP3K8	0.830245080749372	2.73806337712352	0.358910912655584	1.43176924337012	6.37804849314976e-18	2.60881222320551e-16
CSF1	0.96603822062818	2.44322357358864	0.358120778963435	1.43063840106869	7.58069091115113e-18	3.08920199881185e-16
CHST2	0.353214441607554	5.54419252345053	0.357454586115605	1.42968563739548	8.76622995699612e-18	3.55908936254042e-16
MSC	0.0708205138036717	24.9879066604176	0.355122826706404	1.42635583811239	1.45416090337112e-17	5.88210768367315e-16
MRGPRX3	0.280480006836803	6.79618599665658	0.355058050744271	1.42626344753301	1.4746694158755e-17	5.94313460912764e-16
IL20RB	0.263511759951104	7.18978256183803	0.354771792574939	1.42585522640064	1.56876469520645e-17	6.2991936222905e-16
HMGB3	2.20192699329918	1.43393042960351	0.354693569498566	1.42574369598055	1.59548996739873e-17	6.38312446081199e-16
CXCL1	33.9293830469248	0.701016555828983	0.352835407334912	1.42309689284589	2.38020405282315e-17	9.48792611892633e-16
SERPINB13	0.0591370027433829	29.6880402146102	0.351495987584991	1.42119204474193	3.17089938960214e-17	1.25939851843546e-15
TAGLN3	0.434702641825476	4.59297901061089	0.349995256070581	1.41906081665293	4.36619137064007e-17	1.72787688826558e-15
SNPH	0.215800230351582	8.58522002819635	0.348953393986633	1.4175831209045	5.44681597749429e-17	2.14776966709685e-15
CHAC1	0.147934906205778	12.2251446799493	0.348841398451018	1.41742436681364	5.57759402167064e-17	2.19145468335317e-15
CITED2	0.948150324881805	2.45093593968667	0.347549321267245	1.41559412778922	7.32907452421924e-17	2.86933267623183e-15
SLC39A8	2.1292041240577	1.43842281608844	0.339357394751361	1.4040450538863	4.0292808858115e-16	1.57184971780305e-14
DSG3	0.191988927204974	9.43410560100215	0.334687993431608	1.3975042866764	1.04249528850781e-15	4.05242317468887e-14
INSIG1	0.046571249463504	36.8735042999298	0.334030757106167	1.39658609786081	1.19030571403667e-15	4.6106470803074e-14
TM4SF1	0.463672407645236	4.27141518736222	0.33256226514901	1.39453672751884	1.59902267584291e-15	6.17200231429225e-14
PNMA2	0.108411554447433	16.179422764786	0.332505965905245	1.3944582183657	1.61717337233662e-15	6.22015947633475e-14
PLA2G4D	0.0712936480971988	24.1807018552359	0.328770001752248	1.38925829186667	3.40353920301423e-15	1.3045313546658e-13
SNCG	0.912039339476447	2.46821968139318	0.325849858560686	1.3852073762298	6.04837493822051e-15	2.31018418372032e-13
KCCAT211	0.778525351245411	2.77612245121381	0.323393888360227	1.38180952241411	9.76549258252034e-15	3.71699061422181e-13
CAMK2N1	2.38893196291349	1.32690919601361	0.32077681405016	1.37819795214681	1.61969116548924e-14	6.1436174934578e-13
C11orf96	0.0394164053964186	42.8732862394878	0.320647830262844	1.37802019841919	1.66038874691128e-14	6.27626946332463e-13
GK	0.127194607100209	13.6886718678413	0.318317146934684	1.3748122095721	2.59483973510278e-14	9.77478803305727e-13
ID3	3.98068337595168	1.04551486909961	0.31824613557119	1.37471458574879	2.63022674123373e-14	9.87415943061784e-13
PPP1R14A	0.427204103878507	4.51039177427014	0.316888622111593	1.37284965831398	3.40537990657326e-14	1.27405373842512e-12
ALPL	0.0835707491485991	20.3964629201637	0.312951861102561	1.36745570163337	7.15158783573734e-14	2.66652060732492e-12
CD200	0.184275591449255	9.58378633166649	0.312147489523417	1.36635620139389	8.31159091944587e-14	3.08853083589714e-12
TK1	0.142700191153485	12.1852951940593	0.311426583160173	1.36537154148029	9.50672924861777e-14	3.52070155484284e-12
GS1-124K5.4	0.08475289795225	20.0752783525887	0.310692561538727	1.36436969698028	1.08964126031972e-13	4.02176683354371e-12
PTGER4	0.340551026816908	5.4588698246023	0.309668857703841	1.36297370115433	1.31721688251206e-13	4.84541324365677e-12
KRT16	0.113131029586651	15.1380641138718	0.306876995094796	1.3591737727482	2.20168855359e-13	8.07187622891425e-12
EGFLAM	0.0493858483712239	33.8423663467702	0.305885980712802	1.35782747920009	2.6387773208863e-13	9.64209233051853e-12
ERRFI1	2.50937978052774	1.27282722902398	0.304704736565737	1.35622450037863	3.27170091410631e-13	1.19150782127686e-11
ALMS1	0.113365250500084	15.0602792533816	0.303708652222996	1.35487425897736	3.91916902010683e-13	1.42258049001361e-11
DUSP4	2.46182004562732	1.28328840738905	0.303026812793239	1.35395076715757	4.43311022283653e-13	1.60382027269749e-11
TLR2	0.19826899375378	8.81848068877362	0.297181286270118	1.34605929940025	1.25887976190926e-12	4.53942103620043e-11
TRAF1	0.156720069799833	10.9909303296127	0.296964245011392	1.34576718069765	1.30805036791533e-12	4.70126168297961e-11
ICAM1	5.88617553133679	0.891101073508558	0.296788343077185	1.34553047846637	1.34927556210095e-12	4.83358127834987e-11
NPPC	0.037735705160655	43.6950144029528	0.296684028455485	1.34539012728399	1.37432104340695e-12	4.90726621427589e-11
CRYAB	0.051441656580918	32.2068470748014	0.296373003727059	1.34497174275236	1.45172815630078e-12	5.16683248356142e-11
PVRL4	0.279203758026291	6.42505611090995	0.294777709727823	1.34282782794391	1.92091201761644e-12	6.81457525472863e-11
CD70	0.0386321081348069	42.5030213126691	0.292168004288745	1.33932801158877	3.0261655995235e-12	1.07009120328957e-10
ADAMTS14	0.030980999876706	52.832180276761	0.291859737642368	1.33891520506475	3.19212339415724e-12	1.12514651597272e-10
GPX3	0.0586621992689771	28.1881965227764	0.291769416529733	1.33879427821491	3.24241225035524e-12	1.13920907334597e-10
ST3GAL4-AS1	0.0592802787161643	27.7985979708811	0.288104146041257	1.33389621690009	6.08674877147892e-12	2.13172332373648e-10
FOS	0.241337828259717	7.28779279551385	0.288066709413335	1.33384628125845	6.12575018100906e-12	2.13855011096246e-10
KLK6	0.118568581171355	14.1830665436642	0.286688051988898	1.33200863121574	7.74523198894815e-12	2.69534073215396e-10
RRP12	0.483734979418403	3.93246043308147	0.285806413809319	1.33083479907458	8.99288890735916e-12	3.11962177855921e-10
SAA2	5.19569407787376	0.91672755280906	0.284773613316271	1.32946102177898	1.07054436155881e-11	3.70198968183206e-10
MAFB	0.0656282322569531	24.9419993608921	0.279055555076585	1.32188077901759	2.77509408474964e-11	9.56622055252375e-10
TRIB3	0.363743647489169	4.99457486699819	0.278923173452914	1.32170579787616	2.83625618476272e-11	9.74640761673007e-10
HLA-DPA1	0.0695009966593235	23.5510736150484	0.277580793569197	1.31993275691441	3.53566930969527e-11	1.21118771790249e-09
HIST1H2BD	0.858356337186296	2.45566381739455	0.27529701715022	1.31692176513423	5.1305568964352e-11	1.75206120556768e-09
PRKCDBP	0.330595210525665	5.41177001673435	0.274674264536703	1.31610190397503	5.67546648150704e-11	1.93212619783479e-09
STC2	0.629737192064642	3.12047484643995	0.272670050693049	1.31346679586158	7.84051959673613e-11	2.66092185199447e-09
BDNF	0.326558320269064	5.45767335795772	0.272192478540754	1.31283967045765	8.46487272058238e-11	2.86394860379704e-09
WNT5B	0.033403154322875	48.0438505716545	0.271224591979253	1.31156960532184	9.88243084279384e-11	3.33326790457557e-09
ANKRD37	0.380365643110148	4.76147876270102	0.27030181856709	1.31035988199795	1.14479875544358e-10	3.84947360649465e-09
LGALS7B	0.170419509816274	9.88597888158153	0.269933893990917	1.30987785707358	1.21374372495675e-10	4.06882529448803e-09
ITGB8	0.502394438938997	3.74852939435699	0.269805188677536	1.30970927968213	1.23880403706885e-10	4.14017373608193e-09
RARRES1	0.400649124368942	4.54697726826221	0.269475171598157	1.30927712456402	1.30538830921576e-10	4.34944274942953e-09
PRR15	0.363436161719865	4.94607258793582	0.268421260890531	1.30789799025306	1.54222385137919e-10	5.12298722994506e-09
HIST1H4H	0.082653492726611	19.6872730015066	0.266862596726367	1.30586100442607	1.97090886515847e-10	6.52722144406862e-09
AF127936.7	0.464303870114462	3.99326683118476	0.26638449601651	1.30523682057614	2.12424452339275e-10	7.01384592332269e-09
TRBC2	0.116216219800589	14.1374275924431	0.264277741551008	1.30248990163372	2.9500341910413e-10	9.7111936342927e-09
HLA-G	0.983842649610537	2.19336839930513	0.263583835028908	1.30158640890201	3.28498518573034e-10	1.07814394029868e-08
FLRT3	0.161828892729103	10.2854947865173	0.26088441599876	1.29807761975721	4.97693102549538e-10	1.62857068362628e-08
GBP5	0.731093053001974	2.7335327436499	0.25902811183211	1.29567022798	6.60492965378846e-10	2.15485829954849e-08
ICAM2	0.118063489325757	13.8392579942524	0.258062463204114	1.29441966969914	7.64589861977279e-10	2.48707242344063e-08
CST6	7.52895291350011	0.797232182046719	0.255505318949948	1.29111388036976	1.12332189447092e-09	3.64315225064799e-08
DUOX2	1.62487821991603	1.54823031719028	0.254271472150264	1.289521826018	1.35044728135729e-09	4.36684457175179e-08
APLN	0.105928102775752	15.2906478933197	0.253735693057459	1.28883111223543	1.46242938256639e-09	4.71504437990965e-08
TGFBI	4.53309018603999	0.9311668683915	0.252279996944617	1.28695633068241	1.81416925120928e-09	5.83194232602818e-08
IDO1	2.36391077163989	1.24393604584792	0.250659827934115	1.28487293210221	2.30237052427596e-09	7.37970341728453e-08
SEMA3B	0.252938652669134	6.72066239087334	0.249989543699412	1.28401199060222	2.53970818197788e-09	8.11670002648439e-08
CRABP2	1.38501814429331	1.7060456930966	0.249444455046301	1.2833122809549	2.75006941403464e-09	8.76344794088598e-08
FHL1	0.135607824393621	12.0095334370061	0.248466896280902	1.28205838076632	3.1704453438961e-09	1.00737454666055e-07
NDRG1	1.05059757690161	2.06007071901274	0.248301166338232	1.28184592291018	3.24763894476458e-09	1.02891959862744e-07
SLC7A2	0.116518056789234	13.8561942236615	0.246668883233788	1.27975529418087	4.1121247015485e-09	1.29905218957852e-07
ZNF667-AS1	0.862763795772896	2.37657558391657	0.246424548919082	1.27944264424518	4.25938439867972e-09	1.34170608558411e-07
RP11-384O8.1	0.161237212473207	10.1686204527945	0.246004319206155	1.27890509738458	4.52470112588379e-09	1.42119695535639e-07
HIP1R	0.250703054665232	6.74803129501615	0.245947817048409	1.27883283852843	4.56157440347618e-09	1.42868510316874e-07
FGF2	2.01830151015326	1.34874206263109	0.244998638374057	1.27761957356375	5.22636108434994e-09	1.63223276942006e-07
KIT	0.0301836407606026	51.6761667983345	0.243960027277885	1.27629331255188	6.06137583670229e-09	1.88763641823666e-07
C1QTNF1-AS1	0.109980353606357	14.6012928171858	0.243673087940071	1.27592714633018	6.31398926359512e-09	1.96073513619064e-07
KISS1	0.050087643879033	31.2996312137364	0.241628753038886	1.27332138836207	8.43329970728624e-09	2.61146416359525e-07
RP11-95M15.1	0.438257818636081	4.08729930597431	0.240341945422411	1.27168392247904	1.01050056148016e-08	3.12031187463253e-07
FAM110C	0.875345373202325	2.33472850844246	0.239555833180031	1.27068462900902	1.12796704584099e-08	3.47325133609801e-07
CAPN12	0.244350097668066	6.86329550160098	0.239414585483408	1.2705051604071	1.15042999743831e-08	3.53249681566352e-07
AKR1B10	0.133242939659317	12.0992561132836	0.239168209853645	1.27019217745535	1.19065237731236e-08	3.64579088270898e-07
PCDH17	0.130240085682695	12.3632359280399	0.239038726070588	1.2700277188146	1.21233381091361e-08	3.70183934129109e-07
LXN	0.208754431265098	7.92818153149014	0.238607124662781	1.26947969133643	1.28739868181004e-08	3.92012898611156e-07
TREM1	0.147033617187336	10.9975212418802	0.237228188000484	1.26773036562987	1.5586038424162e-08	4.73280202785774e-07
CYP3A5	0.0428281812603354	36.3404283045887	0.23707338850858	1.26753413680185	1.5922966009742e-08	4.82175561875117e-07
SOX4	1.44592121193099	1.63844579084427	0.237045107183307	1.26749828976354	1.5985278201089e-08	4.82728979725448e-07
PAG1	0.130056506677802	12.339356705239	0.235761023164695	1.26587175998997	1.9076979331748e-08	5.74510569875333e-07
PRDM1	0.821943802606226	2.43834492454344	0.235322793148541	1.26531713852291	2.02588568607317e-08	6.0843175043107e-07
EXOC3L4	0.04500278394315	34.4842680878211	0.233364790502227	1.26284206810521	2.64621197649654e-08	7.92562177222817e-07
DKK3	0.604114280326079	3.09919571883007	0.232145656262256	1.26130343219274	3.12132587786817e-08	9.32315375291305e-07
RP11-456O19.2	0.0356716314341896	43.2990098289497	0.232098734205751	1.26124425063029	3.141169172786e-08	9.35692838915221e-07
RP11-402P6.11	0.140746552811634	11.3977417636331	0.231528104133943	1.26052475203628	3.39245900044638e-08	1.00780855183992e-06
S1PR3	0.28543621394648	5.91187692644945	0.231482747618309	1.26046758032222	3.41324551662286e-08	1.01124317170864e-06
PLPP3	0.308893739236596	5.506427231037	0.231438773890074	1.26041215408205	3.43351576191432e-08	1.01450673267129e-06
LINC00936	0.0650436781655212	23.9323881827823	0.229003936953982	1.25734698911733	4.75685974561709e-08	1.40173915407136e-06
PTPRR	0.0604924875136448	25.6821374253429	0.228708465307453	1.25697553361219	4.94759450725965e-08	1.45403568333995e-06
DNAJB4	0.298351334166299	5.64489198498246	0.225124730675717	1.25247892899253	7.93658205917284e-08	2.32622493402815e-06
HSPA1A	0.780794426254436	2.50875992428951	0.224374911628248	1.25154014843678	8.75275588120827e-08	2.5586055991948e-06
ALOX15B	0.174924022131795	9.20332557707054	0.222870754249221	1.24965905017593	1.06408280960401e-07	3.10225419119128e-06
TGFB2	0.341724202712064	4.96385099812639	0.217654953628281	1.24315804643382	2.07259052072265e-07	6.02645551410125e-06
NRG1	0.221369163247959	7.34822637095482	0.216903502676789	1.2422242250414	2.27844548039668e-07	6.60749189315037e-06
CEACAM6	0.106941158305249	14.5924990557879	0.216151794503729	1.24129078581957	2.5039738611736e-07	7.23742102840747e-06
PHKG1	0.423745047509366	4.10676105159048	0.216136217747694	1.24127145068642	2.50886698667656e-07	7.23742102840747e-06
ACKR3	1.33501173706557	1.68781353071148	0.214415894533304	1.23913789832046	3.10974300448688e-07	8.94724483338195e-06
TNC	0.464866521074858	3.77968148233121	0.212444677109324	1.23669769398139	3.96844295336747e-07	1.1387976872988e-05
IRS2	0.360933060211591	4.70230232034261	0.211801133963317	1.23590208168963	4.29509218945663e-07	1.22931594205806e-05
ZBED2	0.920809956944107	2.18589662903645	0.211486099180546	1.23551279086909	4.46426256410027e-07	1.2744074538455e-05
RP11-538P18.2	0.217347329163564	7.41699563694454	0.209288078409511	1.23280009046995	5.83562546706347e-07	1.6615617238948e-05
ACTA2	0.430980768006884	4.0164519441573	0.208476185028421	1.2317995944393	6.43787079815898e-07	1.82828859299012e-05
GALNT5	0.284716591148903	5.77739243929104	0.206193184522416	1.22899060302636	8.46778552595019e-07	2.39854948153659e-05
UPP1	2.86059712442619	1.0804334130667	0.205891642815974	1.22862006697157	8.77789397542323e-07	2.47998128243787e-05
PTN	0.013830585891366	107.624222716194	0.203325204707764	1.22547093236922	1.18956128072221e-06	3.35217757307889e-05
PSG5	0.066279997602097	22.8786754016649	0.20234940727901	1.22427570422951	1.33391542601348e-06	3.74932843588711e-05
CSF3	6.52695260847743	0.78594018322255	0.202114480233959	1.22398812253767	1.37109373638001e-06	3.84397174889966e-05
TMPRSS2	0.0869166061562731	17.5634640126319	0.201440856264516	1.22316389244176	1.48327480002054e-06	4.14787203005743e-05
NKAIN4	0.0396779654606306	37.7877212913901	0.200899545850085	1.22250196025978	1.57973027331708e-06	4.40238867033209e-05
KCNQ4	0.265914948560762	6.11363935446558	0.20088544255828	1.22248471907948	1.58232178079807e-06	4.40238867033209e-05
CDC20	0.148177247638772	10.5020251893926	0.198464670885934	1.21952894177608	2.09279885100359e-06	5.8079141784054e-05
FAM107B	0.548891183554699	3.23789077643822	0.197209196986855	1.21799881573814	2.41609771659308e-06	6.68819777002357e-05
CITED4	0.976057431220088	2.0633065005467	0.196658845368725	1.21732867254313	2.57238236255358e-06	7.10288550587212e-05
SELM	2.02053627796387	1.2838545361793	0.196320632506382	1.21691702594439	2.67316362350349e-06	7.36261800021238e-05
ALDH1A1	0.115046468800352	13.3322059036558	0.19594219339679	1.21645658407874	2.79039712938895e-06	7.6662489554791e-05
CTD-2008A1.3	0.048087691885235	31.0776652505689	0.194506345502964	1.21471119081405	3.28139290937103e-06	8.99265726813132e-05
BBC3	3.01046038581845	1.04261392156202	0.194462350274195	1.21465775049289	3.29766700480627e-06	9.01471962760258e-05
CCAT1	0.047565119580663	31.364285581759	0.192954365021323	1.21282744490163	3.90439174376148e-06	0.000106467518147048
UNC5B-AS1	0.0441473114468848	33.7484737469313	0.192922613791283	1.21278893674977	3.91824430086368e-06	0.000106580134059721
PSAT1	0.493906112638508	3.52104931443042	0.192861882078707	1.21271528423719	3.94487115590363e-06	0.00010703880596786
ALDH1A3	2.33942496327457	1.17970263686726	0.192130768665704	1.21182897586218	4.27925354536382e-06	0.000115825129294514
PGF	1.41799266019144	1.58450802222928	0.190918459144467	1.210360754206	4.89396353737206e-06	0.000132137015509046
SGCE	0.0576927907505378	25.8290146718335	0.188059953495439	1.20690587140624	6.69322576761256e-06	0.000180273073377319
HIST1H2BC	0.42789243430412	3.95600943919498	0.187126261176522	1.20577951857977	7.40631834248486e-06	0.000198990347231174
IL11	0.0618270463945429	24.1150590914243	0.187077670002793	1.20572092976117	7.44533901662045e-06	0.00019954964865573
NAV3	0.243015808538084	6.54519094083065	0.186943956936029	1.20555971989616	7.55372705717931e-06	0.000201960868294633
BBOX1-AS1	0.0227162996371507	64.6456629223307	0.186463170743267	1.20498024274175	7.95597299813352e-06	0.000212197995147299
PAQR7	0.573716161503689	3.08583399010909	0.185598842488172	1.20393919423975	8.73078997502394e-06	0.000232298348801486
LGALS7	0.385104506105094	4.32518235594478	0.185013954850066	1.20323523097778	9.29519461537688e-06	0.000246716521486105
NDRG2	0.127444390751063	11.9347814033477	0.183077208315224	1.20090712451737	1.14216517206289e-05	0.00030242547382013
C6orf58	0.0449030711519755	32.8573726406538	0.182856641103434	1.20064227299115	1.16911860754951e-05	0.000308816341589343
LINC01133	0.437130298158446	3.86735188195443	0.182817330572693	1.20059507603384	1.17398526959282e-05	0.000309356406857609
CAPNS2	1.1188220451231	1.84157448367519	0.180801946947214	1.19817785301081	1.45089449438631e-05	0.000381407804495508
MGAM	0.0593281922323138	24.935160403866	0.18018763523104	1.19744202435487	1.54692128239937e-05	0.000405678255924925
NINJ1	7.43887037162495	0.74021581077823	0.178158622400471	1.19501486232773	1.90865052079432e-05	0.000499346706657455
MRGPRX4	0.0399304911409907	36.6053714674144	0.175360445407105	1.19167567323305	2.54037122740405e-05	0.000663036890352457
DUSP2	0.181145128443661	8.48758747587948	0.174653067475554	1.1908330062374	2.72884915822693e-05	0.000710537873455668
TMEM47	0.0829801876849829	17.8421445628942	0.172278531597004	1.18800868509173	3.46266752969994e-05	0.000899473020392671
S100A14	27.2184544668307	0.595567055161234	0.172149823077777	1.18785578809283	3.50733543444038e-05	0.000908922246627315
SLCO4A1	0.421253601924484	3.94874114922135	0.171813902710244	1.18745683015271	3.62648788209603e-05	0.000937583966121149
SDPR	0.188655155959882	8.14120770266164	0.170954399638582	1.18643664584831	3.94895971180449e-05	0.00101855285554826
ZNF19	0.0299810946611504	48.3364761280881	0.170492482728344	1.18588873725253	4.13323587016317e-05	0.00106358055419551
SSPN	0.415412631207592	3.98808930687966	0.169673898739184	1.18491838493091	4.47984306395935e-05	0.00115007118658366
GPX2	1.03746854862679	1.92146706849001	0.169634185698834	1.18487132915365	4.49733538275202e-05	0.00115186426321794
RRM2B	0.766094962657222	2.40596933160859	0.167834622182441	1.18274099534849	5.36094549821242e-05	0.00136985278674603
MFAP2	0.226233431288989	6.84423307976198	0.16589045273427	1.18044378025152	6.46791318721706e-05	0.0016488666129831
SOX7	1.74118953910499	1.35525432865614	0.163402582648744	1.17751063963228	8.19853122745216e-05	0.0020852041604485
ZFP57	0.147321392738199	10.1950908632038	0.163316797107814	1.17740963057773	8.26532096700561e-05	0.00209607763701818
MRAS	0.156750937927014	9.61398573055849	0.163298636073546	1.17738824779525	8.27952578752847e-05	0.00209607763701818
FA2H	0.104580687443394	14.1061693144641	0.160794939582409	1.17444411211956	0.000104723666811465	0.00264511713268958
TMPRSS4	0.519730324790504	3.26620442242915	0.160500236373264	1.17409805066597	0.000107635444885432	0.00271241321111289
LRRC8B	0.342132344802898	4.68291649154318	0.160451165643519	1.17404043823139	0.000108127574615426	0.00271856530489518
HEG1	0.394797626373511	4.12850229139863	0.160138128076902	1.17367297698708	0.000111316895076115	0.00279234737717247
IZUMO4	0.594290192023163	2.92220316085228	0.159974253804908	1.17348065794092	0.000113021365919658	0.00282863062377007
CSTA	16.6095372770569	0.621541804603009	0.159826141001293	1.17330686330161	0.000114582864054133	0.00286117848692804
GPAT3	0.0670510294176998	21.661735918502	0.158972891392758	1.17230616666252	0.00012397822647738	0.00308874845146599
KISS1R	0.0926258539832634	15.8179176704574	0.158294205485622	1.17151080891794	0.000131960223558117	0.00328015412844461
KLK10	3.26289047088015	0.969176656681738	0.158269377600429	1.17148172314314	0.000132261127579423	0.00328019565729782
CDKN2D	0.515720723337776	3.27492346848692	0.156689594808126	1.1696324975474	0.000152779978120833	0.00378052848794712
INA	0.204827898307485	7.42882945653095	0.155940547590232	1.16875671562111	0.000163513447123571	0.00403701443101032
SRGAP3	0.143018470456144	10.4081515275895	0.155899689211275	1.16870896309187	0.000164118679262282	0.00404285160016436
IGFBP6	14.4718966221624	0.631035128724475	0.154902509630493	1.16754413124779	0.000179553232030649	0.00440567796931032
B3GNT7	0.177033661789849	8.50241698428675	0.154896430210735	1.1675370332785	0.000179651345765527	0.00440567796931032
GLIPR1	0.502554138858526	3.34004848290295	0.154693983359175	1.16730069300602	0.000182947226434177	0.00447648994681128
GPRC5A	3.33297079092802	0.956042228052362	0.154081011582658	1.1665853898792	0.00019327307397545	0.00471861789959662
PLAC8	0.566018941304012	3.01837234711549	0.152382300100059	1.1646053800908	0.000224792480952759	0.00547594483600921
CORO1A	0.401574980912029	4.03517009580991	0.152065140724475	1.16423607314332	0.000231182462547896	0.005619117859091
ENC1	0.578869428937595	2.96099187007517	0.151643149830722	1.16374487976913	0.000239946381347851	0.00581923060251137
CXCL14	0.0371507213841687	38.3811631696286	0.151611424551643	1.16370796022369	0.000240617570514505	0.00582262650768213
LIMD2	0.521446926063457	3.22553097869035	0.150724237787652	1.16267599176629	0.000260108508154497	0.00628041732684933
LYPD3	0.145256051054759	10.1983271453566	0.150255853015151	1.16213153955291	0.000270980131718992	0.00652853671187601
TGM1	0.34165730001305	4.63746452926169	0.149467490484816	1.1612157196383	0.000290235356987043	0.00697710522651746
RASD1	0.05823144520629	24.6214118789698	0.149271892994251	1.1609886109692	0.000295205253346998	0.00708105030019648
VAMP5	1.00236374728255	1.92891000728067	0.148658600481802	1.16027680364241	0.000311304346501407	0.00745091320163411
EDNRA	0.192267203033659	7.82106779047521	0.148527979107153	1.16012525658921	0.000314836615309933	0.00751903916563723
RGMB	0.731570798037685	2.44581711253693	0.148324275899996	1.1598889594218	0.000320419333491137	0.00763573202984747
ALOX5AP	0.0349215295276543	40.6565944027752	0.148157761093707	1.15969583681573	0.000325050817059435	0.00772929947202934
WNT7B	0.968193729784955	1.97704047947829	0.148035403733822	1.15955394817561	0.000328493524392388	0.00779425544240121
KANK3	0.0284424080485617	49.7703318541425	0.147614908329432	1.15906646356896	0.000340583840025031	0.0080636718236596
HES1	3.06205664544575	0.985962929904359	0.14650532788487	1.15778109932643	0.000374492363337222	0.00884738208384186
STMN1	1.25728543346884	1.64046495717135	0.145703445970045	1.15685306773715	0.000400912176905412	0.00945118125427339
HILPDA	0.558702652743754	3.03002338916201	0.145506504217257	1.15662525749968	0.000407659133652573	0.00958961249592169
